4.866235950594542283e-15,-1.226140832532146269e-19,7.699999999999980194e-01,-7.813573421723624620e-20,8.726535498374586933e-03,-8.319113569211160310e-19,9.999619230641713097e-01,-2.576078048122584785e-01,-9.610540044969729617e-06,4.234961213738618571e-06,5.040853022636114789e-01,-2.639304939405956452e-01,1.050225386137977023e-05,-2.576078048122584785e-01,9.610540044966565102e-06,-4.234961213733590584e-06,5.040853022636114789e-01,-2.639304939405956452e-01,-1.050225386137450677e-05,0.000000000000000000e+00,0.000000000000000000e+00,0.000000000000000000e+00,4.979999999999999982e-01,2.999999999999999889e-01,0.000000000000000000e+00,5.010000000000000009e-01,0.000000000000000000e+00,0.000000000000000000e+00,0.000000000000000000e+00,4.979999999999999982e-01,-2.999999999999999889e-01,0.000000000000000000e+00,5.010000000000000009e-01,0.000000000000000000e+00,0.000000000000000000e+00,0.000000000000000000e+00
4.866235950594542283e-15,-1.226140832532146269e-19,7.699999999999980194e-01,-7.813573421723624620e-20,8.726535498374586933e-03,-8.319113569211160310e-19,9.999619230641713097e-01,-2.576078048122584785e-01,-9.610540044969729617e-06,4.234961213738618571e-06,5.040853022636114789e-01,-2.639304939405956452e-01,1.050225386137977023e-05,-2.576078048122584785e-01,9.610540044966565102e-06,-4.234961213733590584e-06,5.040853022636114789e-01,-2.639304939405956452e-01,-1.050225386137450677e-05,0.000000000000000000e+00,0.000000000000000000e+00,0.000000000000000000e+00,4.979999999999999982e-01,2.999999999999999889e-01,0.000000000000000000e+00,5.010000000000000009e-01,0.000000000000000000e+00,0.000000000000000000e+00,0.000000000000000000e+00,4.979999999999999982e-01,-2.999999999999999889e-01,0.000000000000000000e+00,5.010000000000000009e-01,0.000000000000000000e+00,0.000000000000000000e+00,0.000000000000000000e+00
4.866235950594542283e-15,-1.226140832532146269e-19,7.699999999999980194e-01,-7.813573421723624620e-20,8.726535498374586933e-03,-8.319113569211160310e-19,9.999619230641713097e-01,-2.576078048122584785e-01,-9.610540044969729617e-06,4.234961213738618571e-06,5.040853022636114789e-01,-2.639304939405956452e-01,1.050225386137977023e-05,-2.576078048122584785e-01,9.610540044966565102e-06,-4.234961213733590584e-06,5.040853022636114789e-01,-2.639304939405956452e-01,-1.050225386137450677e-05,0.000000000000000000e+00,0.000000000000000000e+00,0.000000000000000000e+00,4.979999999999999982e-01,2.999999999999999889e-01,0.000000000000000000e+00,5.010000000000000009e-01,0.000000000000000000e+00,0.000000000000000000e+00,0.000000000000000000e+00,4.979999999999999982e-01,-2.999999999999999889e-01,0.000000000000000000e+00,5.010000000000000009e-01,0.000000000000000000e+00,0.000000000000000000e+00,0.000000000000000000e+00
4.866235950594542283e-15,-1.226140832532146269e-19,7.699999999999980194e-01,-7.813573421723624620e-20,8.726535498374586933e-03,-8.319113569211160310e-19,9.999619230641713097e-01,-2.576078048122584785e-01,-9.610540044969729617e-06,4.234961213738618571e-06,5.040853022636114789e-01,-2.639304939405956452e-01,1.050225386137977023e-05,-2.576078048122584785e-01,9.610540044966565102e-06,-4.234961213733590584e-06,5.040853022636114789e-01,-2.639304939405956452e-01,-1.050225386137450677e-05,0.000000000000000000e+00,0.000000000000000000e+00,0.000000000000000000e+00,4.979999999999999982e-01,2.999999999999999889e-01,0.000000000000000000e+00,5.010000000000000009e-01,0.000000000000000000e+00,0.000000000000000000e+00,0.000000000000000000e+00,4.979999999999999982e-01,-2.999999999999999889e-01,0.000000000000000000e+00,5.010000000000000009e-01,0.000000000000000000e+00,0.000000000000000000e+00,0.000000000000000000e+00
4.866235950594542283e-15,-1.226140832532146269e-19,7.699999999999980194e-01,-7.813573421723624620e-20,8.726535498374586933e-03,-8.319113569211160310e-19,9.999619230641713097e-01,-2.576078048122584785e-01,-9.610540044969729617e-06,4.234961213738618571e-06,5.040853022636114789e-01,-2.639304939405956452e-01,1.050225386137977023e-05,-2.576078048122584785e-01,9.610540044966565102e-06,-4.234961213733590584e-06,5.040853022636114789e-01,-2.639304939405956452e-01,-1.050225386137450677e-05,0.000000000000000000e+00,0.000000000000000000e+00,0.000000000000000000e+00,4.979999999999999982e-01,2.999999999999999889e-01,0.000000000000000000e+00,5.010000000000000009e-01,0.000000000000000000e+00,0.000000000000000000e+00,0.000000000000000000e+00,4.979999999999999982e-01,-2.999999999999999889e-01,0.000000000000000000e+00,5.010000000000000009e-01,0.000000000000000000e+00,0.000000000000000000e+00,0.000000000000000000e+00
4.866235950594542283e-15,-1.226140832532146269e-19,7.699999999999980194e-01,-7.813573421723624620e-20,8.726535498374586933e-03,-8.319113569211160310e-19,9.999619230641713097e-01,-2.576078048122584785e-01,-9.610540044969729617e-06,4.234961213738618571e-06,5.040853022636114789e-01,-2.639304939405956452e-01,1.050225386137977023e-05,-2.576078048122584785e-01,9.610540044966565102e-06,-4.234961213733590584e-06,5.040853022636114789e-01,-2.639304939405956452e-01,-1.050225386137450677e-05,0.000000000000000000e+00,0.000000000000000000e+00,0.000000000000000000e+00,4.979999999999999982e-01,2.999999999999999889e-01,0.000000000000000000e+00,5.010000000000000009e-01,0.000000000000000000e+00,0.000000000000000000e+00,0.000000000000000000e+00,4.979999999999999982e-01,-2.999999999999999889e-01,0.000000000000000000e+00,5.010000000000000009e-01,0.000000000000000000e+00,0.000000000000000000e+00,0.000000000000000000e+00
4.866235950594542283e-15,-1.226140832532146269e-19,7.699999999999980194e-01,-7.813573421723624620e-20,8.726535498374586933e-03,-8.319113569211160310e-19,9.999619230641713097e-01,-2.576078048122584785e-01,-9.610540044969729617e-06,4.234961213738618571e-06,5.040853022636114789e-01,-2.639304939405956452e-01,1.050225386137977023e-05,-2.576078048122584785e-01,9.610540044966565102e-06,-4.234961213733590584e-06,5.040853022636114789e-01,-2.639304939405956452e-01,-1.050225386137450677e-05,0.000000000000000000e+00,0.000000000000000000e+00,0.000000000000000000e+00,4.979999999999999982e-01,2.999999999999999889e-01,0.000000000000000000e+00,5.010000000000000009e-01,0.000000000000000000e+00,0.000000000000000000e+00,0.000000000000000000e+00,4.979999999999999982e-01,-2.999999999999999889e-01,0.000000000000000000e+00,5.010000000000000009e-01,0.000000000000000000e+00,0.000000000000000000e+00,0.000000000000000000e+00
4.866235950594542283e-15,-1.226140832532146269e-19,7.699999999999980194e-01,-7.813573421723624620e-20,8.726535498374586933e-03,-8.319113569211160310e-19,9.999619230641713097e-01,-2.576078048122584785e-01,-9.610540044969729617e-06,4.234961213738618571e-06,5.040853022636114789e-01,-2.639304939405956452e-01,1.050225386137977023e-05,-2.576078048122584785e-01,9.610540044966565102e-06,-4.234961213733590584e-06,5.040853022636114789e-01,-2.639304939405956452e-01,-1.050225386137450677e-05,0.000000000000000000e+00,0.000000000000000000e+00,0.000000000000000000e+00,4.979999999999999982e-01,2.999999999999999889e-01,0.000000000000000000e+00,5.010000000000000009e-01,0.000000000000000000e+00,0.000000000000000000e+00,0.000000000000000000e+00,4.979999999999999982e-01,-2.999999999999999889e-01,0.000000000000000000e+00,5.010000000000000009e-01,0.000000000000000000e+00,0.000000000000000000e+00,0.000000000000000000e+00
4.866235950594542283e-15,-1.226140832532146269e-19,7.699999999999980194e-01,-7.813573421723624620e-20,8.726535498374586933e-03,-8.319113569211160310e-19,9.999619230641713097e-01,-2.576078048122584785e-01,-9.610540044969729617e-06,4.234961213738618571e-06,5.040853022636114789e-01,-2.639304939405956452e-01,1.050225386137977023e-05,-2.576078048122584785e-01,9.610540044966565102e-06,-4.234961213733590584e-06,5.040853022636114789e-01,-2.639304939405956452e-01,-1.050225386137450677e-05,0.000000000000000000e+00,0.000000000000000000e+00,0.000000000000000000e+00,4.979999999999999982e-01,2.999999999999999889e-01,0.000000000000000000e+00,5.010000000000000009e-01,0.000000000000000000e+00,0.000000000000000000e+00,0.000000000000000000e+00,4.979999999999999982e-01,-2.999999999999999889e-01,0.000000000000000000e+00,5.010000000000000009e-01,0.000000000000000000e+00,0.000000000000000000e+00,0.000000000000000000e+00
4.866235950594542283e-15,-1.226140832532146269e-19,7.699999999999980194e-01,-7.813573421723624620e-20,8.726535498374586933e-03,-8.319113569211160310e-19,9.999619230641713097e-01,-2.576078048122584785e-01,-9.610540044969729617e-06,4.234961213738618571e-06,5.040853022636114789e-01,-2.639304939405956452e-01,1.050225386137977023e-05,-2.576078048122584785e-01,9.610540044966565102e-06,-4.234961213733590584e-06,5.040853022636114789e-01,-2.639304939405956452e-01,-1.050225386137450677e-05,0.000000000000000000e+00,0.000000000000000000e+00,0.000000000000000000e+00,4.979999999999999982e-01,2.999999999999999889e-01,0.000000000000000000e+00,5.010000000000000009e-01,0.000000000000000000e+00,0.000000000000000000e+00,0.000000000000000000e+00,4.979999999999999982e-01,-2.999999999999999889e-01,0.000000000000000000e+00,5.010000000000000009e-01,0.000000000000000000e+00,0.000000000000000000e+00,0.000000000000000000e+00
4.866235950594542283e-15,-1.226140832532146269e-19,7.699999999999980194e-01,-7.813573421723624620e-20,8.726535498374586933e-03,-8.319113569211160310e-19,9.999619230641713097e-01,-2.576078048122584785e-01,-9.610540044969729617e-06,4.234961213738618571e-06,5.040853022636114789e-01,-2.639304939405956452e-01,1.050225386137977023e-05,-2.576078048122584785e-01,9.610540044966565102e-06,-4.234961213733590584e-06,5.040853022636114789e-01,-2.639304939405956452e-01,-1.050225386137450677e-05,0.000000000000000000e+00,0.000000000000000000e+00,0.000000000000000000e+00,4.979999999999999982e-01,2.999999999999999889e-01,0.000000000000000000e+00,5.010000000000000009e-01,0.000000000000000000e+00,0.000000000000000000e+00,0.000000000000000000e+00,4.979999999999999982e-01,-2.999999999999999889e-01,0.000000000000000000e+00,5.010000000000000009e-01,0.000000000000000000e+00,0.000000000000000000e+00,0.000000000000000000e+00
4.866235950594542283e-15,-1.226140832532146269e-19,7.699999999999980194e-01,-7.813573421723624620e-20,8.726535498374586933e-03,-8.319113569211160310e-19,9.999619230641713097e-01,-2.576078048122584785e-01,-9.610540044969729617e-06,4.234961213738618571e-06,5.040853022636114789e-01,-2.639304939405956452e-01,1.050225386137977023e-05,-2.576078048122584785e-01,9.610540044966565102e-06,-4.234961213733590584e-06,5.040853022636114789e-01,-2.639304939405956452e-01,-1.050225386137450677e-05,0.000000000000000000e+00,0.000000000000000000e+00,0.000000000000000000e+00,4.979999999999999982e-01,2.999999999999999889e-01,0.000000000000000000e+00,5.010000000000000009e-01,0.000000000000000000e+00,0.000000000000000000e+00,0.000000000000000000e+00,4.979999999999999982e-01,-2.999999999999999889e-01,0.000000000000000000e+00,5.010000000000000009e-01,0.000000000000000000e+00,0.000000000000000000e+00,0.000000000000000000e+00
4.866235950594542283e-15,-1.226140832532146269e-19,7.699999999999980194e-01,-7.813573421723624620e-20,8.726535498374586933e-03,-8.319113569211160310e-19,9.999619230641713097e-01,-2.576078048122584785e-01,-9.610540044969729617e-06,4.234961213738618571e-06,5.040853022636114789e-01,-2.639304939405956452e-01,1.050225386137977023e-05,-2.576078048122584785e-01,9.610540044966565102e-06,-4.234961213733590584e-06,5.040853022636114789e-01,-2.639304939405956452e-01,-1.050225386137450677e-05,0.000000000000000000e+00,0.000000000000000000e+00,0.000000000000000000e+00,4.979999999999999982e-01,2.999999999999999889e-01,0.000000000000000000e+00,5.010000000000000009e-01,0.000000000000000000e+00,0.000000000000000000e+00,0.000000000000000000e+00,4.979999999999999982e-01,-2.999999999999999889e-01,0.000000000000000000e+00,5.010000000000000009e-01,0.000000000000000000e+00,0.000000000000000000e+00,0.000000000000000000e+00
4.866235950594542283e-15,-1.226140832532146269e-19,7.699999999999980194e-01,-7.813573421723624620e-20,8.726535498374586933e-03,-8.319113569211160310e-19,9.999619230641713097e-01,-2.576078048122584785e-01,-9.610540044969729617e-06,4.234961213738618571e-06,5.040853022636114789e-01,-2.639304939405956452e-01,1.050225386137977023e-05,-2.576078048122584785e-01,9.610540044966565102e-06,-4.234961213733590584e-06,5.040853022636114789e-01,-2.639304939405956452e-01,-1.050225386137450677e-05,0.000000000000000000e+00,0.000000000000000000e+00,0.000000000000000000e+00,4.979999999999999982e-01,2.999999999999999889e-01,0.000000000000000000e+00,5.010000000000000009e-01,0.000000000000000000e+00,0.000000000000000000e+00,0.000000000000000000e+00,4.979999999999999982e-01,-2.999999999999999889e-01,0.000000000000000000e+00,5.010000000000000009e-01,0.000000000000000000e+00,0.000000000000000000e+00,0.000000000000000000e+00
4.866235950594542283e-15,-1.226140832532146269e-19,7.699999999999980194e-01,-7.813573421723624620e-20,8.726535498374586933e-03,-8.319113569211160310e-19,9.999619230641713097e-01,-2.576078048122584785e-01,-9.610540044969729617e-06,4.234961213738618571e-06,5.040853022636114789e-01,-2.639304939405956452e-01,1.050225386137977023e-05,-2.576078048122584785e-01,9.610540044966565102e-06,-4.234961213733590584e-06,5.040853022636114789e-01,-2.639304939405956452e-01,-1.050225386137450677e-05,0.000000000000000000e+00,0.000000000000000000e+00,0.000000000000000000e+00,4.979999999999999982e-01,2.999999999999999889e-01,0.000000000000000000e+00,5.010000000000000009e-01,0.000000000000000000e+00,0.000000000000000000e+00,0.000000000000000000e+00,4.979999999999999982e-01,-2.999999999999999889e-01,0.000000000000000000e+00,5.010000000000000009e-01,0.000000000000000000e+00,0.000000000000000000e+00,0.000000000000000000e+00
4.866235950594542283e-15,-1.226140832532146269e-19,7.699999999999980194e-01,-7.813573421723624620e-20,8.726535498374586933e-03,-8.319113569211160310e-19,9.999619230641713097e-01,-2.576078048122584785e-01,-9.610540044969729617e-06,4.234961213738618571e-06,5.040853022636114789e-01,-2.639304939405956452e-01,1.050225386137977023e-05,-2.576078048122584785e-01,9.610540044966565102e-06,-4.234961213733590584e-06,5.040853022636114789e-01,-2.639304939405956452e-01,-1.050225386137450677e-05,0.000000000000000000e+00,0.000000000000000000e+00,0.000000000000000000e+00,4.979999999999999982e-01,2.999999999999999889e-01,0.000000000000000000e+00,5.010000000000000009e-01,0.000000000000000000e+00,0.000000000000000000e+00,0.000000000000000000e+00,4.979999999999999982e-01,-2.999999999999999889e-01,0.000000000000000000e+00,5.010000000000000009e-01,0.000000000000000000e+00,0.000000000000000000e+00,0.000000000000000000e+00
4.866235950594542283e-15,-1.226140832532146269e-19,7.699999999999980194e-01,-7.813573421723624620e-20,8.726535498374586933e-03,-8.319113569211160310e-19,9.999619230641713097e-01,-2.576078048122584785e-01,-9.610540044969729617e-06,4.234961213738618571e-06,5.040853022636114789e-01,-2.639304939405956452e-01,1.050225386137977023e-05,-2.576078048122584785e-01,9.610540044966565102e-06,-4.234961213733590584e-06,5.040853022636114789e-01,-2.639304939405956452e-01,-1.050225386137450677e-05,0.000000000000000000e+00,0.000000000000000000e+00,0.000000000000000000e+00,4.979999999999999982e-01,2.999999999999999889e-01,0.000000000000000000e+00,5.010000000000000009e-01,0.000000000000000000e+00,0.000000000000000000e+00,0.000000000000000000e+00,4.979999999999999982e-01,-2.999999999999999889e-01,0.000000000000000000e+00,5.010000000000000009e-01,0.000000000000000000e+00,0.000000000000000000e+00,0.000000000000000000e+00
4.866235950594542283e-15,-1.226140832532146269e-19,7.699999999999980194e-01,-7.813573421723624620e-20,8.726535498374586933e-03,-8.319113569211160310e-19,9.999619230641713097e-01,-2.576078048122584785e-01,-9.610540044969729617e-06,4.234961213738618571e-06,5.040853022636114789e-01,-2.639304939405956452e-01,1.050225386137977023e-05,-2.576078048122584785e-01,9.610540044966565102e-06,-4.234961213733590584e-06,5.040853022636114789e-01,-2.639304939405956452e-01,-1.050225386137450677e-05,0.000000000000000000e+00,0.000000000000000000e+00,0.000000000000000000e+00,4.979999999999999982e-01,2.999999999999999889e-01,0.000000000000000000e+00,5.010000000000000009e-01,0.000000000000000000e+00,0.000000000000000000e+00,0.000000000000000000e+00,4.979999999999999982e-01,-2.999999999999999889e-01,0.000000000000000000e+00,5.010000000000000009e-01,0.000000000000000000e+00,0.000000000000000000e+00,0.000000000000000000e+00
4.866235950594542283e-15,-1.226140832532146269e-19,7.699999999999980194e-01,-7.813573421723624620e-20,8.726535498374586933e-03,-8.319113569211160310e-19,9.999619230641713097e-01,-2.576078048122584785e-01,-9.610540044969729617e-06,4.234961213738618571e-06,5.040853022636114789e-01,-2.639304939405956452e-01,1.050225386137977023e-05,-2.576078048122584785e-01,9.610540044966565102e-06,-4.234961213733590584e-06,5.040853022636114789e-01,-2.639304939405956452e-01,-1.050225386137450677e-05,0.000000000000000000e+00,0.000000000000000000e+00,0.000000000000000000e+00,4.979999999999999982e-01,2.999999999999999889e-01,0.000000000000000000e+00,5.010000000000000009e-01,0.000000000000000000e+00,0.000000000000000000e+00,0.000000000000000000e+00,4.979999999999999982e-01,-2.999999999999999889e-01,0.000000000000000000e+00,5.010000000000000009e-01,0.000000000000000000e+00,0.000000000000000000e+00,0.000000000000000000e+00
4.866235950594542283e-15,-1.226140832532146269e-19,7.699999999999980194e-01,-7.813573421723624620e-20,8.726535498374586933e-03,-8.319113569211160310e-19,9.999619230641713097e-01,-2.576078048122584785e-01,-9.610540044969729617e-06,4.234961213738618571e-06,5.040853022636114789e-01,-2.639304939405956452e-01,1.050225386137977023e-05,-2.576078048122584785e-01,9.610540044966565102e-06,-4.234961213733590584e-06,5.040853022636114789e-01,-2.639304939405956452e-01,-1.050225386137450677e-05,0.000000000000000000e+00,0.000000000000000000e+00,0.000000000000000000e+00,4.979999999999999982e-01,2.999999999999999889e-01,0.000000000000000000e+00,5.010000000000000009e-01,0.000000000000000000e+00,0.000000000000000000e+00,0.000000000000000000e+00,4.979999999999999982e-01,-2.999999999999999889e-01,0.000000000000000000e+00,5.010000000000000009e-01,0.000000000000000000e+00,0.000000000000000000e+00,0.000000000000000000e+00
4.866235950594542283e-15,-1.226140832532146269e-19,7.699999999999980194e-01,-7.813573421723624620e-20,8.726535498374586933e-03,-8.319113569211160310e-19,9.999619230641713097e-01,-2.576078048122584785e-01,-9.610540044969729617e-06,4.234961213738618571e-06,5.040853022636114789e-01,-2.639304939405956452e-01,1.050225386137977023e-05,-2.576078048122584785e-01,9.610540044966565102e-06,-4.234961213733590584e-06,5.040853022636114789e-01,-2.639304939405956452e-01,-1.050225386137450677e-05,0.000000000000000000e+00,0.000000000000000000e+00,0.000000000000000000e+00,4.979999999999999982e-01,2.999999999999999889e-01,0.000000000000000000e+00,5.010000000000000009e-01,0.000000000000000000e+00,0.000000000000000000e+00,0.000000000000000000e+00,4.979999999999999982e-01,-2.999999999999999889e-01,0.000000000000000000e+00,5.010000000000000009e-01,0.000000000000000000e+00,0.000000000000000000e+00,0.000000000000000000e+00
4.866235950594542283e-15,-1.226140832532146269e-19,7.699999999999980194e-01,-7.813573421723624620e-20,8.726535498374586933e-03,-8.319113569211160310e-19,9.999619230641713097e-01,-2.576078048122584785e-01,-9.610540044969729617e-06,4.234961213738618571e-06,5.040853022636114789e-01,-2.639304939405956452e-01,1.050225386137977023e-05,-2.576078048122584785e-01,9.610540044966565102e-06,-4.234961213733590584e-06,5.040853022636114789e-01,-2.639304939405956452e-01,-1.050225386137450677e-05,0.000000000000000000e+00,0.000000000000000000e+00,0.000000000000000000e+00,4.979999999999999982e-01,2.999999999999999889e-01,0.000000000000000000e+00,5.010000000000000009e-01,0.000000000000000000e+00,0.000000000000000000e+00,0.000000000000000000e+00,4.979999999999999982e-01,-2.999999999999999889e-01,0.000000000000000000e+00,5.010000000000000009e-01,0.000000000000000000e+00,0.000000000000000000e+00,0.000000000000000000e+00
4.866235950594542283e-15,-1.226140832532146269e-19,7.699999999999980194e-01,-7.813573421723624620e-20,8.726535498374586933e-03,-8.319113569211160310e-19,9.999619230641713097e-01,-2.576078048122584785e-01,-9.610540044969729617e-06,4.234961213738618571e-06,5.040853022636114789e-01,-2.639304939405956452e-01,1.050225386137977023e-05,-2.576078048122584785e-01,9.610540044966565102e-06,-4.234961213733590584e-06,5.040853022636114789e-01,-2.639304939405956452e-01,-1.050225386137450677e-05,0.000000000000000000e+00,0.000000000000000000e+00,0.000000000000000000e+00,4.979999999999999982e-01,2.999999999999999889e-01,0.000000000000000000e+00,5.010000000000000009e-01,0.000000000000000000e+00,0.000000000000000000e+00,0.000000000000000000e+00,4.979999999999999982e-01,-2.999999999999999889e-01,0.000000000000000000e+00,5.010000000000000009e-01,0.000000000000000000e+00,0.000000000000000000e+00,0.000000000000000000e+00
4.866235950594542283e-15,-1.226140832532146269e-19,7.699999999999980194e-01,-7.813573421723624620e-20,8.726535498374586933e-03,-8.319113569211160310e-19,9.999619230641713097e-01,-2.576078048122584785e-01,-9.610540044969729617e-06,4.234961213738618571e-06,5.040853022636114789e-01,-2.639304939405956452e-01,1.050225386137977023e-05,-2.576078048122584785e-01,9.610540044966565102e-06,-4.234961213733590584e-06,5.040853022636114789e-01,-2.639304939405956452e-01,-1.050225386137450677e-05,0.000000000000000000e+00,0.000000000000000000e+00,0.000000000000000000e+00,4.979999999999999982e-01,2.999999999999999889e-01,0.000000000000000000e+00,5.010000000000000009e-01,0.000000000000000000e+00,0.000000000000000000e+00,0.000000000000000000e+00,4.979999999999999982e-01,-2.999999999999999889e-01,0.000000000000000000e+00,5.010000000000000009e-01,0.000000000000000000e+00,0.000000000000000000e+00,0.000000000000000000e+00
4.866235950594542283e-15,-1.226140832532146269e-19,7.699999999999980194e-01,-7.813573421723624620e-20,8.726535498374586933e-03,-8.319113569211160310e-19,9.999619230641713097e-01,-2.576078048122584785e-01,-9.610540044969729617e-06,4.234961213738618571e-06,5.040853022636114789e-01,-2.639304939405956452e-01,1.050225386137977023e-05,-2.576078048122584785e-01,9.610540044966565102e-06,-4.234961213733590584e-06,5.040853022636114789e-01,-2.639304939405956452e-01,-1.050225386137450677e-05,0.000000000000000000e+00,0.000000000000000000e+00,0.000000000000000000e+00,4.979999999999999982e-01,2.999999999999999889e-01,0.000000000000000000e+00,5.010000000000000009e-01,0.000000000000000000e+00,0.000000000000000000e+00,0.000000000000000000e+00,4.979999999999999982e-01,-2.999999999999999889e-01,0.000000000000000000e+00,5.010000000000000009e-01,0.000000000000000000e+00,0.000000000000000000e+00,0.000000000000000000e+00
4.866235950594542283e-15,-1.226140832532146269e-19,7.699999999999980194e-01,-7.813573421723624620e-20,8.726535498374586933e-03,-8.319113569211160310e-19,9.999619230641713097e-01,-2.576078048122584785e-01,-9.610540044969729617e-06,4.234961213738618571e-06,5.040853022636114789e-01,-2.639304939405956452e-01,1.050225386137977023e-05,-2.576078048122584785e-01,9.610540044966565102e-06,-4.234961213733590584e-06,5.040853022636114789e-01,-2.639304939405956452e-01,-1.050225386137450677e-05,0.000000000000000000e+00,0.000000000000000000e+00,0.000000000000000000e+00,4.979999999999999982e-01,2.999999999999999889e-01,0.000000000000000000e+00,5.010000000000000009e-01,0.000000000000000000e+00,0.000000000000000000e+00,0.000000000000000000e+00,4.979999999999999982e-01,-2.999999999999999889e-01,0.000000000000000000e+00,5.010000000000000009e-01,0.000000000000000000e+00,0.000000000000000000e+00,0.000000000000000000e+00
4.866235950594542283e-15,-1.226140832532146269e-19,7.699999999999980194e-01,-7.813573421723624620e-20,8.726535498374586933e-03,-8.319113569211160310e-19,9.999619230641713097e-01,-2.576078048122584785e-01,-9.610540044969729617e-06,4.234961213738618571e-06,5.040853022636114789e-01,-2.639304939405956452e-01,1.050225386137977023e-05,-2.576078048122584785e-01,9.610540044966565102e-06,-4.234961213733590584e-06,5.040853022636114789e-01,-2.639304939405956452e-01,-1.050225386137450677e-05,0.000000000000000000e+00,0.000000000000000000e+00,0.000000000000000000e+00,4.979999999999999982e-01,2.999999999999999889e-01,0.000000000000000000e+00,5.010000000000000009e-01,0.000000000000000000e+00,0.000000000000000000e+00,0.000000000000000000e+00,4.979999999999999982e-01,-2.999999999999999889e-01,0.000000000000000000e+00,5.010000000000000009e-01,0.000000000000000000e+00,0.000000000000000000e+00,0.000000000000000000e+00
4.866235950594542283e-15,-1.226140832532146269e-19,7.699999999999980194e-01,-7.813573421723624620e-20,8.726535498374586933e-03,-8.319113569211160310e-19,9.999619230641713097e-01,-2.576078048122584785e-01,-9.610540044969729617e-06,4.234961213738618571e-06,5.040853022636114789e-01,-2.639304939405956452e-01,1.050225386137977023e-05,-2.576078048122584785e-01,9.610540044966565102e-06,-4.234961213733590584e-06,5.040853022636114789e-01,-2.639304939405956452e-01,-1.050225386137450677e-05,0.000000000000000000e+00,0.000000000000000000e+00,0.000000000000000000e+00,4.979999999999999982e-01,2.999999999999999889e-01,0.000000000000000000e+00,5.010000000000000009e-01,0.000000000000000000e+00,0.000000000000000000e+00,0.000000000000000000e+00,4.979999999999999982e-01,-2.999999999999999889e-01,0.000000000000000000e+00,5.010000000000000009e-01,0.000000000000000000e+00,0.000000000000000000e+00,0.000000000000000000e+00
4.866235950594542283e-15,-1.226140832532146269e-19,7.699999999999980194e-01,-7.813573421723624620e-20,8.726535498374586933e-03,-8.319113569211160310e-19,9.999619230641713097e-01,-2.576078048122584785e-01,-9.610540044969729617e-06,4.234961213738618571e-06,5.040853022636114789e-01,-2.639304939405956452e-01,1.050225386137977023e-05,-2.576078048122584785e-01,9.610540044966565102e-06,-4.234961213733590584e-06,5.040853022636114789e-01,-2.639304939405956452e-01,-1.050225386137450677e-05,0.000000000000000000e+00,0.000000000000000000e+00,0.000000000000000000e+00,4.979999999999999982e-01,2.999999999999999889e-01,0.000000000000000000e+00,5.010000000000000009e-01,0.000000000000000000e+00,0.000000000000000000e+00,0.000000000000000000e+00,4.979999999999999982e-01,-2.999999999999999889e-01,0.000000000000000000e+00,5.010000000000000009e-01,0.000000000000000000e+00,0.000000000000000000e+00,0.000000000000000000e+00
4.866235950594542283e-15,-1.226140832532146269e-19,7.699999999999980194e-01,-7.813573421723624620e-20,8.726535498374586933e-03,-8.319113569211160310e-19,9.999619230641713097e-01,-2.576078048122584785e-01,-9.610540044969729617e-06,4.234961213738618571e-06,5.040853022636114789e-01,-2.639304939405956452e-01,1.050225386137977023e-05,-2.576078048122584785e-01,9.610540044966565102e-06,-4.234961213733590584e-06,5.040853022636114789e-01,-2.639304939405956452e-01,-1.050225386137450677e-05,0.000000000000000000e+00,0.000000000000000000e+00,0.000000000000000000e+00,4.979999999999999982e-01,2.999999999999999889e-01,0.000000000000000000e+00,5.010000000000000009e-01,0.000000000000000000e+00,0.000000000000000000e+00,0.000000000000000000e+00,4.979999999999999982e-01,-2.999999999999999889e-01,0.000000000000000000e+00,5.010000000000000009e-01,0.000000000000000000e+00,0.000000000000000000e+00,0.000000000000000000e+00
4.866235950594542283e-15,-1.226140832532146269e-19,7.699999999999980194e-01,-7.813573421723624620e-20,8.726535498374586933e-03,-8.319113569211160310e-19,9.999619230641713097e-01,-2.576078048122584785e-01,-9.610540044969729617e-06,4.234961213738618571e-06,5.040853022636114789e-01,-2.639304939405956452e-01,1.050225386137977023e-05,-2.576078048122584785e-01,9.610540044966565102e-06,-4.234961213733590584e-06,5.040853022636114789e-01,-2.639304939405956452e-01,-1.050225386137450677e-05,0.000000000000000000e+00,0.000000000000000000e+00,0.000000000000000000e+00,4.979999999999999982e-01,2.999999999999999889e-01,0.000000000000000000e+00,5.010000000000000009e-01,0.000000000000000000e+00,0.000000000000000000e+00,0.000000000000000000e+00,4.979999999999999982e-01,-2.999999999999999889e-01,0.000000000000000000e+00,5.010000000000000009e-01,0.000000000000000000e+00,0.000000000000000000e+00,0.000000000000000000e+00
4.866235950594542283e-15,-1.226140832532146269e-19,7.699999999999980194e-01,-7.813573421723624620e-20,8.726535498374586933e-03,-8.319113569211160310e-19,9.999619230641713097e-01,-2.576078048122584785e-01,-9.610540044969729617e-06,4.234961213738618571e-06,5.040853022636114789e-01,-2.639304939405956452e-01,1.050225386137977023e-05,-2.576078048122584785e-01,9.610540044966565102e-06,-4.234961213733590584e-06,5.040853022636114789e-01,-2.639304939405956452e-01,-1.050225386137450677e-05,0.000000000000000000e+00,0.000000000000000000e+00,0.000000000000000000e+00,4.979999999999999982e-01,2.999999999999999889e-01,0.000000000000000000e+00,5.010000000000000009e-01,0.000000000000000000e+00,0.000000000000000000e+00,0.000000000000000000e+00,4.979999999999999982e-01,-2.999999999999999889e-01,0.000000000000000000e+00,5.010000000000000009e-01,0.000000000000000000e+00,0.000000000000000000e+00,0.000000000000000000e+00
4.866235950594542283e-15,-1.226140832532146269e-19,7.699999999999980194e-01,-7.813573421723624620e-20,8.726535498374586933e-03,-8.319113569211160310e-19,9.999619230641713097e-01,-2.576078048122584785e-01,-9.610540044969729617e-06,4.234961213738618571e-06,5.040853022636114789e-01,-2.639304939405956452e-01,1.050225386137977023e-05,-2.576078048122584785e-01,9.610540044966565102e-06,-4.234961213733590584e-06,5.040853022636114789e-01,-2.639304939405956452e-01,-1.050225386137450677e-05,0.000000000000000000e+00,0.000000000000000000e+00,0.000000000000000000e+00,4.979999999999999982e-01,2.999999999999999889e-01,0.000000000000000000e+00,5.010000000000000009e-01,0.000000000000000000e+00,0.000000000000000000e+00,0.000000000000000000e+00,4.979999999999999982e-01,-2.999999999999999889e-01,0.000000000000000000e+00,5.010000000000000009e-01,0.000000000000000000e+00,0.000000000000000000e+00,0.000000000000000000e+00
4.866235950594542283e-15,-1.226140832532146269e-19,7.699999999999980194e-01,-7.813573421723624620e-20,8.726535498374586933e-03,-8.319113569211160310e-19,9.999619230641713097e-01,-2.576078048122584785e-01,-9.610540044969729617e-06,4.234961213738618571e-06,5.040853022636114789e-01,-2.639304939405956452e-01,1.050225386137977023e-05,-2.576078048122584785e-01,9.610540044966565102e-06,-4.234961213733590584e-06,5.040853022636114789e-01,-2.639304939405956452e-01,-1.050225386137450677e-05,0.000000000000000000e+00,0.000000000000000000e+00,0.000000000000000000e+00,4.979999999999999982e-01,2.999999999999999889e-01,0.000000000000000000e+00,5.010000000000000009e-01,0.000000000000000000e+00,0.000000000000000000e+00,0.000000000000000000e+00,4.979999999999999982e-01,-2.999999999999999889e-01,0.000000000000000000e+00,5.010000000000000009e-01,0.000000000000000000e+00,0.000000000000000000e+00,0.000000000000000000e+00
4.866235950594542283e-15,-1.226140832532146269e-19,7.699999999999980194e-01,-7.813573421723624620e-20,8.726535498374586933e-03,-8.319113569211160310e-19,9.999619230641713097e-01,-2.576078048122584785e-01,-9.610540044969729617e-06,4.234961213738618571e-06,5.040853022636114789e-01,-2.639304939405956452e-01,1.050225386137977023e-05,-2.576078048122584785e-01,9.610540044966565102e-06,-4.234961213733590584e-06,5.040853022636114789e-01,-2.639304939405956452e-01,-1.050225386137450677e-05,0.000000000000000000e+00,0.000000000000000000e+00,0.000000000000000000e+00,4.979999999999999982e-01,2.999999999999999889e-01,0.000000000000000000e+00,5.010000000000000009e-01,0.000000000000000000e+00,0.000000000000000000e+00,0.000000000000000000e+00,4.979999999999999982e-01,-2.999999999999999889e-01,0.000000000000000000e+00,5.010000000000000009e-01,0.000000000000000000e+00,0.000000000000000000e+00,0.000000000000000000e+00
4.866235950594542283e-15,-1.226140832532146269e-19,7.699999999999980194e-01,-7.813573421723624620e-20,8.726535498374586933e-03,-8.319113569211160310e-19,9.999619230641713097e-01,-2.576078048122584785e-01,-9.610540044969729617e-06,4.234961213738618571e-06,5.040853022636114789e-01,-2.639304939405956452e-01,1.050225386137977023e-05,-2.576078048122584785e-01,9.610540044966565102e-06,-4.234961213733590584e-06,5.040853022636114789e-01,-2.639304939405956452e-01,-1.050225386137450677e-05,0.000000000000000000e+00,0.000000000000000000e+00,0.000000000000000000e+00,4.979999999999999982e-01,2.999999999999999889e-01,0.000000000000000000e+00,5.010000000000000009e-01,0.000000000000000000e+00,0.000000000000000000e+00,0.000000000000000000e+00,4.979999999999999982e-01,-2.999999999999999889e-01,0.000000000000000000e+00,5.010000000000000009e-01,0.000000000000000000e+00,0.000000000000000000e+00,0.000000000000000000e+00
4.866235950594542283e-15,-1.226140832532146269e-19,7.699999999999980194e-01,-7.813573421723624620e-20,8.726535498374586933e-03,-8.319113569211160310e-19,9.999619230641713097e-01,-2.576078048122584785e-01,-9.610540044969729617e-06,4.234961213738618571e-06,5.040853022636114789e-01,-2.639304939405956452e-01,1.050225386137977023e-05,-2.576078048122584785e-01,9.610540044966565102e-06,-4.234961213733590584e-06,5.040853022636114789e-01,-2.639304939405956452e-01,-1.050225386137450677e-05,0.000000000000000000e+00,0.000000000000000000e+00,0.000000000000000000e+00,4.979999999999999982e-01,2.999999999999999889e-01,0.000000000000000000e+00,5.010000000000000009e-01,0.000000000000000000e+00,0.000000000000000000e+00,0.000000000000000000e+00,4.979999999999999982e-01,-2.999999999999999889e-01,0.000000000000000000e+00,5.010000000000000009e-01,0.000000000000000000e+00,0.000000000000000000e+00,0.000000000000000000e+00
4.866235950594542283e-15,-1.226140832532146269e-19,7.699999999999980194e-01,-7.813573421723624620e-20,8.726535498374586933e-03,-8.319113569211160310e-19,9.999619230641713097e-01,-2.576078048122584785e-01,-9.610540044969729617e-06,4.234961213738618571e-06,5.040853022636114789e-01,-2.639304939405956452e-01,1.050225386137977023e-05,-2.576078048122584785e-01,9.610540044966565102e-06,-4.234961213733590584e-06,5.040853022636114789e-01,-2.639304939405956452e-01,-1.050225386137450677e-05,0.000000000000000000e+00,0.000000000000000000e+00,0.000000000000000000e+00,4.979999999999999982e-01,2.999999999999999889e-01,0.000000000000000000e+00,5.010000000000000009e-01,0.000000000000000000e+00,0.000000000000000000e+00,0.000000000000000000e+00,4.979999999999999982e-01,-2.999999999999999889e-01,0.000000000000000000e+00,5.010000000000000009e-01,0.000000000000000000e+00,0.000000000000000000e+00,0.000000000000000000e+00
4.866235950594542283e-15,-1.226140832532146269e-19,7.699999999999980194e-01,-7.813573421723624620e-20,8.726535498374586933e-03,-8.319113569211160310e-19,9.999619230641713097e-01,-2.576078048122584785e-01,-9.610540044969729617e-06,4.234961213738618571e-06,5.040853022636114789e-01,-2.639304939405956452e-01,1.050225386137977023e-05,-2.576078048122584785e-01,9.610540044966565102e-06,-4.234961213733590584e-06,5.040853022636114789e-01,-2.639304939405956452e-01,-1.050225386137450677e-05,0.000000000000000000e+00,0.000000000000000000e+00,0.000000000000000000e+00,4.979999999999999982e-01,2.999999999999999889e-01,0.000000000000000000e+00,5.010000000000000009e-01,0.000000000000000000e+00,0.000000000000000000e+00,0.000000000000000000e+00,4.979999999999999982e-01,-2.999999999999999889e-01,0.000000000000000000e+00,5.010000000000000009e-01,0.000000000000000000e+00,0.000000000000000000e+00,0.000000000000000000e+00
4.866235950594542283e-15,-1.226140832532146269e-19,7.699999999999980194e-01,-7.813573421723624620e-20,8.726535498374586933e-03,-8.319113569211160310e-19,9.999619230641713097e-01,-2.576078048122584785e-01,-9.610540044969729617e-06,4.234961213738618571e-06,5.040853022636114789e-01,-2.639304939405956452e-01,1.050225386137977023e-05,-2.576078048122584785e-01,9.610540044966565102e-06,-4.234961213733590584e-06,5.040853022636114789e-01,-2.639304939405956452e-01,-1.050225386137450677e-05,0.000000000000000000e+00,0.000000000000000000e+00,0.000000000000000000e+00,4.979999999999999982e-01,2.999999999999999889e-01,0.000000000000000000e+00,5.010000000000000009e-01,0.000000000000000000e+00,0.000000000000000000e+00,0.000000000000000000e+00,4.979999999999999982e-01,-2.999999999999999889e-01,0.000000000000000000e+00,5.010000000000000009e-01,0.000000000000000000e+00,0.000000000000000000e+00,0.000000000000000000e+00
4.866235950594542283e-15,-1.226140832532146269e-19,7.699999999999980194e-01,-7.813573421723624620e-20,8.726535498374586933e-03,-8.319113569211160310e-19,9.999619230641713097e-01,-2.576078048122584785e-01,-9.610540044969729617e-06,4.234961213738618571e-06,5.040853022636114789e-01,-2.639304939405956452e-01,1.050225386137977023e-05,-2.576078048122584785e-01,9.610540044966565102e-06,-4.234961213733590584e-06,5.040853022636114789e-01,-2.639304939405956452e-01,-1.050225386137450677e-05,0.000000000000000000e+00,0.000000000000000000e+00,0.000000000000000000e+00,4.979999999999999982e-01,2.999999999999999889e-01,0.000000000000000000e+00,5.010000000000000009e-01,0.000000000000000000e+00,0.000000000000000000e+00,0.000000000000000000e+00,4.979999999999999982e-01,-2.999999999999999889e-01,0.000000000000000000e+00,5.010000000000000009e-01,0.000000000000000000e+00,0.000000000000000000e+00,0.000000000000000000e+00
4.866235950594542283e-15,-1.226140832532146269e-19,7.699999999999980194e-01,-7.813573421723624620e-20,8.726535498374586933e-03,-8.319113569211160310e-19,9.999619230641713097e-01,-2.576078048122584785e-01,-9.610540044969729617e-06,4.234961213738618571e-06,5.040853022636114789e-01,-2.639304939405956452e-01,1.050225386137977023e-05,-2.576078048122584785e-01,9.610540044966565102e-06,-4.234961213733590584e-06,5.040853022636114789e-01,-2.639304939405956452e-01,-1.050225386137450677e-05,0.000000000000000000e+00,0.000000000000000000e+00,0.000000000000000000e+00,4.979999999999999982e-01,2.999999999999999889e-01,0.000000000000000000e+00,5.010000000000000009e-01,0.000000000000000000e+00,0.000000000000000000e+00,0.000000000000000000e+00,4.979999999999999982e-01,-2.999999999999999889e-01,0.000000000000000000e+00,5.010000000000000009e-01,0.000000000000000000e+00,0.000000000000000000e+00,0.000000000000000000e+00
4.866235950594542283e-15,-1.226140832532146269e-19,7.699999999999980194e-01,-7.813573421723624620e-20,8.726535498374586933e-03,-8.319113569211160310e-19,9.999619230641713097e-01,-2.576078048122584785e-01,-9.610540044969729617e-06,4.234961213738618571e-06,5.040853022636114789e-01,-2.639304939405956452e-01,1.050225386137977023e-05,-2.576078048122584785e-01,9.610540044966565102e-06,-4.234961213733590584e-06,5.040853022636114789e-01,-2.639304939405956452e-01,-1.050225386137450677e-05,0.000000000000000000e+00,0.000000000000000000e+00,0.000000000000000000e+00,4.979999999999999982e-01,2.999999999999999889e-01,0.000000000000000000e+00,5.010000000000000009e-01,0.000000000000000000e+00,0.000000000000000000e+00,0.000000000000000000e+00,4.979999999999999982e-01,-2.999999999999999889e-01,0.000000000000000000e+00,5.010000000000000009e-01,0.000000000000000000e+00,0.000000000000000000e+00,0.000000000000000000e+00
4.866235950594542283e-15,-1.226140832532146269e-19,7.699999999999980194e-01,-7.813573421723624620e-20,8.726535498374586933e-03,-8.319113569211160310e-19,9.999619230641713097e-01,-2.576078048122584785e-01,-9.610540044969729617e-06,4.234961213738618571e-06,5.040853022636114789e-01,-2.639304939405956452e-01,1.050225386137977023e-05,-2.576078048122584785e-01,9.610540044966565102e-06,-4.234961213733590584e-06,5.040853022636114789e-01,-2.639304939405956452e-01,-1.050225386137450677e-05,0.000000000000000000e+00,0.000000000000000000e+00,0.000000000000000000e+00,4.979999999999999982e-01,2.999999999999999889e-01,0.000000000000000000e+00,5.010000000000000009e-01,0.000000000000000000e+00,0.000000000000000000e+00,0.000000000000000000e+00,4.979999999999999982e-01,-2.999999999999999889e-01,0.000000000000000000e+00,5.010000000000000009e-01,0.000000000000000000e+00,0.000000000000000000e+00,0.000000000000000000e+00
4.866235950594542283e-15,-1.226140832532146269e-19,7.699999999999980194e-01,-7.813573421723624620e-20,8.726535498374586933e-03,-8.319113569211160310e-19,9.999619230641713097e-01,-2.576078048122584785e-01,-9.610540044969729617e-06,4.234961213738618571e-06,5.040853022636114789e-01,-2.639304939405956452e-01,1.050225386137977023e-05,-2.576078048122584785e-01,9.610540044966565102e-06,-4.234961213733590584e-06,5.040853022636114789e-01,-2.639304939405956452e-01,-1.050225386137450677e-05,0.000000000000000000e+00,0.000000000000000000e+00,0.000000000000000000e+00,4.979999999999999982e-01,2.999999999999999889e-01,0.000000000000000000e+00,5.010000000000000009e-01,0.000000000000000000e+00,0.000000000000000000e+00,0.000000000000000000e+00,4.979999999999999982e-01,-2.999999999999999889e-01,0.000000000000000000e+00,5.010000000000000009e-01,0.000000000000000000e+00,0.000000000000000000e+00,0.000000000000000000e+00
4.866235950594542283e-15,-1.226140832532146269e-19,7.699999999999980194e-01,-7.813573421723624620e-20,8.726535498374586933e-03,-8.319113569211160310e-19,9.999619230641713097e-01,-2.576078048122584785e-01,-9.610540044969729617e-06,4.234961213738618571e-06,5.040853022636114789e-01,-2.639304939405956452e-01,1.050225386137977023e-05,-2.576078048122584785e-01,9.610540044966565102e-06,-4.234961213733590584e-06,5.040853022636114789e-01,-2.639304939405956452e-01,-1.050225386137450677e-05,0.000000000000000000e+00,0.000000000000000000e+00,0.000000000000000000e+00,4.979999999999999982e-01,2.999999999999999889e-01,0.000000000000000000e+00,5.010000000000000009e-01,0.000000000000000000e+00,0.000000000000000000e+00,0.000000000000000000e+00,4.979999999999999982e-01,-2.999999999999999889e-01,0.000000000000000000e+00,5.010000000000000009e-01,0.000000000000000000e+00,0.000000000000000000e+00,0.000000000000000000e+00
4.866235950594542283e-15,-1.226140832532146269e-19,7.699999999999980194e-01,-7.813573421723624620e-20,8.726535498374586933e-03,-8.319113569211160310e-19,9.999619230641713097e-01,-2.576078048122584785e-01,-9.610540044969729617e-06,4.234961213738618571e-06,5.040853022636114789e-01,-2.639304939405956452e-01,1.050225386137977023e-05,-2.576078048122584785e-01,9.610540044966565102e-06,-4.234961213733590584e-06,5.040853022636114789e-01,-2.639304939405956452e-01,-1.050225386137450677e-05,0.000000000000000000e+00,0.000000000000000000e+00,0.000000000000000000e+00,4.979999999999999982e-01,2.999999999999999889e-01,0.000000000000000000e+00,5.010000000000000009e-01,0.000000000000000000e+00,0.000000000000000000e+00,0.000000000000000000e+00,4.979999999999999982e-01,-2.999999999999999889e-01,0.000000000000000000e+00,5.010000000000000009e-01,0.000000000000000000e+00,0.000000000000000000e+00,0.000000000000000000e+00
4.866235950594542283e-15,-1.226140832532146269e-19,7.699999999999980194e-01,-7.813573421723624620e-20,8.726535498374586933e-03,-8.319113569211160310e-19,9.999619230641713097e-01,-2.576078048122584785e-01,-9.610540044969729617e-06,4.234961213738618571e-06,5.040853022636114789e-01,-2.639304939405956452e-01,1.050225386137977023e-05,-2.576078048122584785e-01,9.610540044966565102e-06,-4.234961213733590584e-06,5.040853022636114789e-01,-2.639304939405956452e-01,-1.050225386137450677e-05,0.000000000000000000e+00,0.000000000000000000e+00,0.000000000000000000e+00,4.979999999999999982e-01,2.999999999999999889e-01,0.000000000000000000e+00,5.010000000000000009e-01,0.000000000000000000e+00,0.000000000000000000e+00,0.000000000000000000e+00,4.979999999999999982e-01,-2.999999999999999889e-01,0.000000000000000000e+00,5.010000000000000009e-01,0.000000000000000000e+00,0.000000000000000000e+00,0.000000000000000000e+00
4.866235950594542283e-15,-1.226140832532146269e-19,7.699999999999980194e-01,-7.813573421723624620e-20,8.726535498374586933e-03,-8.319113569211160310e-19,9.999619230641713097e-01,-2.576078048122584785e-01,-9.610540044969729617e-06,4.234961213738618571e-06,5.040853022636114789e-01,-2.639304939405956452e-01,1.050225386137977023e-05,-2.576078048122584785e-01,9.610540044966565102e-06,-4.234961213733590584e-06,5.040853022636114789e-01,-2.639304939405956452e-01,-1.050225386137450677e-05,0.000000000000000000e+00,0.000000000000000000e+00,0.000000000000000000e+00,4.979999999999999982e-01,2.999999999999999889e-01,0.000000000000000000e+00,5.010000000000000009e-01,0.000000000000000000e+00,0.000000000000000000e+00,0.000000000000000000e+00,4.979999999999999982e-01,-2.999999999999999889e-01,0.000000000000000000e+00,5.010000000000000009e-01,0.000000000000000000e+00,0.000000000000000000e+00,0.000000000000000000e+00
4.866235950594542283e-15,-1.226140832532146269e-19,7.699999999999980194e-01,-7.813573421723624620e-20,8.726535498374586933e-03,-8.319113569211160310e-19,9.999619230641713097e-01,-2.576078048122584785e-01,-9.610540044969729617e-06,4.234961213738618571e-06,5.040853022636114789e-01,-2.639304939405956452e-01,1.050225386137977023e-05,-2.576078048122584785e-01,9.610540044966565102e-06,-4.234961213733590584e-06,5.040853022636114789e-01,-2.639304939405956452e-01,-1.050225386137450677e-05,0.000000000000000000e+00,0.000000000000000000e+00,0.000000000000000000e+00,4.979999999999999982e-01,2.999999999999999889e-01,0.000000000000000000e+00,5.010000000000000009e-01,0.000000000000000000e+00,0.000000000000000000e+00,0.000000000000000000e+00,4.979999999999999982e-01,-2.999999999999999889e-01,0.000000000000000000e+00,5.010000000000000009e-01,0.000000000000000000e+00,0.000000000000000000e+00,0.000000000000000000e+00
4.866235950594542283e-15,-1.226140832532146269e-19,7.699999999999980194e-01,-7.813573421723624620e-20,8.726535498374586933e-03,-8.319113569211160310e-19,9.999619230641713097e-01,-2.576078048122584785e-01,-9.610540044969729617e-06,4.234961213738618571e-06,5.040853022636114789e-01,-2.639304939405956452e-01,1.050225386137977023e-05,-2.576078048122584785e-01,9.610540044966565102e-06,-4.234961213733590584e-06,5.040853022636114789e-01,-2.639304939405956452e-01,-1.050225386137450677e-05,0.000000000000000000e+00,0.000000000000000000e+00,0.000000000000000000e+00,4.979999999999999982e-01,2.999999999999999889e-01,0.000000000000000000e+00,5.010000000000000009e-01,0.000000000000000000e+00,0.000000000000000000e+00,0.000000000000000000e+00,4.979999999999999982e-01,-2.999999999999999889e-01,0.000000000000000000e+00,5.010000000000000009e-01,0.000000000000000000e+00,0.000000000000000000e+00,0.000000000000000000e+00
7.462886136105737625e-15,-1.901588643478708986e-19,7.699999999999969091e-01,-1.046090282040187645e-19,8.726535498374935612e-03,1.397295437319226181e-19,9.999619230641713097e-01,-2.576078048122615871e-01,-9.610540044968226981e-06,4.234961213735859785e-06,5.040853022636252456e-01,-2.639304939406070249e-01,1.050225386137731891e-05,-2.576078048122616426e-01,9.610540044965535110e-06,-4.234961213735288885e-06,5.040853022636253566e-01,-2.639304939406071360e-01,-1.050225386137421369e-05,0.000000000000000000e+00,0.000000000000000000e+00,0.000000000000000000e+00,4.979999999999999982e-01,2.999999999999999889e-01,0.000000000000000000e+00,5.010000000000000009e-01,0.000000000000000000e+00,0.000000000000000000e+00,0.000000000000000000e+00,4.979999999999999982e-01,-2.999999999999999889e-01,0.000000000000000000e+00,5.010000000000000009e-01,0.000000000000000000e+00,0.000000000000000000e+00,0.000000000000000000e+00
-6.221911835717430317e-05,5.572937716027107111e-10,7.697293238641091939e-01,1.609582261085972830e-09,8.789850882418966116e-03,-1.554933671263043300e-11,9.999613685145366526e-01,-2.593893960008578636e-01,-9.611053036187117705e-06,4.254476027277968319e-06,5.073482563832364400e-01,-2.655384889420142613e-01,1.050758977733258883e-05,-2.593894000611041695e-01,9.602478263338850019e-06,-4.250307510254737662e-06,5.073482649785010512e-01,-2.655384934769928762e-01,-1.050449366958628379e-05,0.000000000000000000e+00,0.000000000000000000e+00,0.000000000000000000e+00,4.979999999999999982e-01,2.999999999999999889e-01,0.000000000000000000e+00,5.010000000000000009e-01,0.000000000000000000e+00,0.000000000000000000e+00,0.000000000000000000e+00,4.979999999999999982e-01,-2.999999999999999889e-01,0.000000000000000000e+00,5.010000000000000009e-01,0.000000000000000000e+00,0.000000000000000000e+00,0.000000000000000000e+00
-5.519960545544476752e-04,4.944203186323743720e-09,7.675986133684291612e-01,1.427990358695170083e-08,9.288256160405751125e-03,-1.379507260781144569e-10,9.999568632183583050e-01,-2.734137392703952507e-01,-9.615091204433820127e-06,4.408092887162291001e-06,5.330336038069257709e-01,-2.781963164052818072e-01,1.054959308175126525e-05,-2.734137752921190767e-01,9.539017468512315075e-06,-4.371110605634863682e-06,5.330336800624592142e-01,-2.781963566387387621e-01,-1.052212500915996726e-05,0.000000000000000000e+00,0.000000000000000000e+00,0.000000000000000000e+00,4.979999999999999982e-01,2.999999999999999889e-01,0.000000000000000000e+00,5.010000000000000009e-01,0.000000000000000000e+00,0.000000000000000000e+00,0.000000000000000000e+00,4.979999999999999982e-01,-2.999999999999999889e-01,0.000000000000000000e+00,5.010000000000000009e-01,0.000000000000000000e+00,0.000000000000000000e+00,0.000000000000000000e+00
-1.162407835587901022e-03,1.030747714003537204e-08,7.649390469411646576e-01,2.932344923994574773e-08,9.921506383796461701e-03,-3.002661100685974460e-10,9.999507806442652358e-01,-2.902819704279224200e-01,-9.618752550376168345e-06,4.593923077280797281e-06,5.636782840910506964e-01,-2.932393184299577071e-01,1.060204533358672564e-05,-2.902820415551745081e-01,9.463098401847228291e-06,-4.515565849381734573e-06,5.636784345764458415e-01,-2.932393977873546387e-01,-1.054503251248790880e-05,0.000000000000000000e+00,0.000000000000000000e+00,0.000000000000000000e+00,4.979999999999999982e-01,2.999999999999999889e-01,0.000000000000000000e+00,5.010000000000000009e-01,0.000000000000000000e+00,0.000000000000000000e+00,0.000000000000000000e+00,4.979999999999999982e-01,-2.999999999999999889e-01,0.000000000000000000e+00,5.010000000000000009e-01,0.000000000000000000e+00,0.000000000000000000e+00,0.000000000000000000e+00
-2.126991923134381821e-03,1.853726351179188855e-08,7.607268103433808548e-01,5.133453865143870740e-08,1.095064753013301299e-02,-5.797649805597489092e-10,9.999400398617249719e-01,-3.154995830110368105e-01,-9.621307582260906770e-06,4.874328507952726813e-06,6.088830888593708135e-01,-3.152849636544269862e-01,1.068517469046808658e-05,-3.154996984744480870e-01,9.350603046811907474e-06,-4.729461526797781134e-06,6.088833328623205476e-01,-3.152850921925898775e-01,-1.058343032534394023e-05,0.000000000000000000e+00,0.000000000000000000e+00,0.000000000000000000e+00,4.979999999999999982e-01,2.999999999999999889e-01,0.000000000000000000e+00,5.010000000000000009e-01,0.000000000000000000e+00,0.000000000000000000e+00,0.000000000000000000e+00,4.979999999999999982e-01,-2.999999999999999889e-01,0.000000000000000000e+00,5.010000000000000009e-01,0.000000000000000000e+00,0.000000000000000000e+00,0.000000000000000000e+00
-3.261695350513243649e-03,2.786980824381465771e-08,7.557581027564044263e-01,7.498701562094231398e-08,1.219009129975030456e-02,-9.378301591764341111e-10,9.999256980766612068e-01,-3.436992186826492435e-01,-9.619597348216075029e-06,5.190855769180616746e-06,6.587589314640854843e-01,-3.394402718276666175e-01,1.078368618879909518e-05,-3.436993766814428475e-01,9.227008215597159676e-06,-4.967642072567278959e-06,6.587592648469872136e-01,-3.394404472096695380e-01,-1.063183494198510526e-05,0.000000000000000000e+00,0.000000000000000000e+00,0.000000000000000000e+00,4.979999999999999982e-01,2.999999999999999889e-01,0.000000000000000000e+00,5.010000000000000009e-01,0.000000000000000000e+00,0.000000000000000000e+00,0.000000000000000000e+00,4.979999999999999982e-01,-2.999999999999999889e-01,0.000000000000000000e+00,5.010000000000000009e-01,0.000000000000000000e+00,0.000000000000000000e+00,0.000000000000000000e+00
-4.672661682177835750e-03,3.899316187288991724e-08,7.495609347681109202e-01,1.013049295444578099e-07,1.377104650931978980e-02,-1.423480952476320284e-09,9.999051746430899223e-01,-3.767414687206663282e-01,-9.610960595678900577e-06,5.566042568044492935e-06,7.162202401303444654e-01,-3.670215374133062314e-01,1.090717729894379372e-05,-3.767416663304961610e-01,9.085388546475088109e-06,-5.245259688032270135e-06,7.162206561739969946e-01,-3.670217558441311034e-01,-1.069648996659883050e-05,0.000000000000000000e+00,0.000000000000000000e+00,0.000000000000000000e+00,4.979999999999999982e-01,2.999999999999999889e-01,0.000000000000000000e+00,5.010000000000000009e-01,0.000000000000000000e+00,0.000000000000000000e+00,0.000000000000000000e+00,4.979999999999999982e-01,-2.999999999999999889e-01,0.000000000000000000e+00,5.010000000000000009e-01,0.000000000000000000e+00,0.000000000000000000e+00,0.000000000000000000e+00
-6.289893095190688191e-03,5.097126750556035889e-08,7.424274456853313664e-01,1.269957007331869064e-07,1.563342527264608567e-02,-2.022778749700754936e-09,9.998777905395381804e-01,-4.124711840925132100e-01,-9.589764738029658706e-06,5.975728197879017678e-06,7.771538830572053413e-01,-3.959506230912058777e-01,1.105003247343092254e-05,-4.124714148451025242e-01,8.937666129298377785e-06,-5.546780183023459204e-06,7.771543673986902601e-01,-3.959508766761327681e-01,-1.077703457987023453e-05,0.000000000000000000e+00,0.000000000000000000e+00,0.000000000000000000e+00,4.979999999999999982e-01,2.999999999999999889e-01,0.000000000000000000e+00,5.010000000000000009e-01,0.000000000000000000e+00,0.000000000000000000e+00,0.000000000000000000e+00,4.979999999999999982e-01,-2.999999999999999889e-01,0.000000000000000000e+00,5.010000000000000009e-01,0.000000000000000000e+00,0.000000000000000000e+00,0.000000000000000000e+00
-8.106779191707533250e-03,6.377673198945614367e-08,7.343876427924012074e-01,1.520791520352397108e-07,1.776817793922886093e-02,-2.732076451678719673e-09,9.998421334654270520e-01,-4.508022367200239522e-01,-9.556412270352908161e-06,6.418807037721170066e-06,8.414485786318964822e-01,-4.261843338281875448e-01,1.121163113136356592e-05,-4.508024943543916807e-01,8.784036545366201136e-06,-5.871437516375473136e-06,8.414491173685992864e-01,-4.261846149255070215e-01,-1.087295955114368499e-05,0.000000000000000000e+00,0.000000000000000000e+00,0.000000000000000000e+00,4.979999999999999982e-01,2.999999999999999889e-01,0.000000000000000000e+00,5.010000000000000009e-01,0.000000000000000000e+00,0.000000000000000000e+00,0.000000000000000000e+00,4.979999999999999982e-01,-2.999999999999999889e-01,0.000000000000000000e+00,5.010000000000000009e-01,0.000000000000000000e+00,0.000000000000000000e+00,0.000000000000000000e+00
-1.014903298365120270e-02,7.680194170572674150e-08,7.252958089219612159e-01,1.731775205527019383e-07,2.023999524211606352e-02,-3.545292150557884240e-09,9.997951503145877661e-01,-4.914261220378252082e-01,-9.499505842216038372e-06,6.891729775737158933e-06,9.078562703491336316e-01,-4.569126881479685376e-01,1.139633189981809686e-05,-4.914263970455919339e-01,8.630630387071031560e-06,-6.223799687179512382e-06,9.078568424226745037e-01,-4.569129852076970755e-01,-1.099231360734961169e-05,0.000000000000000000e+00,0.000000000000000000e+00,0.000000000000000000e+00,4.979999999999999982e-01,2.999999999999999889e-01,0.000000000000000000e+00,5.010000000000000009e-01,0.000000000000000000e+00,0.000000000000000000e+00,0.000000000000000000e+00,4.979999999999999982e-01,-2.999999999999999889e-01,0.000000000000000000e+00,5.010000000000000009e-01,0.000000000000000000e+00,0.000000000000000000e+00,0.000000000000000000e+00
-1.232072931303918213e-02,8.995336463288369039e-08,7.155997289152636887e-01,1.919862534030905130e-07,2.290532095384767777e-02,-4.418177745694760498e-09,9.997376387192613567e-01,-5.333669222790559106e-01,-9.429070924989165972e-06,7.381793701178144699e-06,9.754775857926247795e-01,-4.879251467195448444e-01,1.159430163213459278e-05,-5.333672091989740682e-01,8.477352555869637168e-06,-6.592074451190311071e-06,9.754781791078800390e-01,-4.879254531078160984e-01,-1.112512442894471331e-05,0.000000000000000000e+00,0.000000000000000000e+00,0.000000000000000000e+00,4.979999999999999982e-01,2.999999999999999889e-01,0.000000000000000000e+00,5.010000000000000009e-01,0.000000000000000000e+00,0.000000000000000000e+00,0.000000000000000000e+00,4.979999999999999982e-01,-2.999999999999999889e-01,0.000000000000000000e+00,5.010000000000000009e-01,0.000000000000000000e+00,0.000000000000000000e+00,0.000000000000000000e+00
-1.471688742670365820e-02,1.023532495689581915e-07,7.048156433193724091e-01,2.030983924988025379e-07,2.593502001699580714e-02,-5.292382254394328113e-09,9.996636307962177836e-01,-5.771719469127014612e-01,-9.323379217828253230e-06,7.894239908122213385e-06,1.043891553384111770e+00,-5.185952983460323518e-01,1.181842859274987378e-05,-5.771722346311775054e-01,8.328434555233572563e-06,-6.996678757654278939e-06,1.043892143628064151e+00,-5.185956008635982384e-01,-1.128970185158189779e-05,0.000000000000000000e+00,0.000000000000000000e+00,0.000000000000000000e+00,4.979999999999999982e-01,2.999999999999999889e-01,0.000000000000000000e+00,5.010000000000000009e-01,0.000000000000000000e+00,0.000000000000000000e+00,0.000000000000000000e+00,4.979999999999999982e-01,-2.999999999999999889e-01,0.000000000000000000e+00,5.010000000000000009e-01,0.000000000000000000e+00,0.000000000000000000e+00,0.000000000000000000e+00
-1.718307042375335700e-02,1.145186787362935583e-07,6.936921348468816362e-01,2.118079225763270884e-07,2.907819428693012367e-02,-6.166957271674065505e-09,9.995771399031525561e-01,-6.215585498141288356e-01,-9.206688522079478751e-06,8.413668669612038237e-06,1.112552803043712846e+00,-5.491586611755358005e-01,1.205071577033574768e-05,-6.215588348640778138e-01,8.180876682014746637e-06,-7.412616717113662029e-06,1.112553382631480181e+00,-5.491589557046538950e-01,-1.146418943572245830e-05,0.000000000000000000e+00,0.000000000000000000e+00,0.000000000000000000e+00,4.979999999999999982e-01,2.999999999999999889e-01,0.000000000000000000e+00,5.010000000000000009e-01,0.000000000000000000e+00,0.000000000000000000e+00,0.000000000000000000e+00,4.979999999999999982e-01,-2.999999999999999889e-01,0.000000000000000000e+00,5.010000000000000009e-01,0.000000000000000000e+00,0.000000000000000000e+00,0.000000000000000000e+00
-1.985066157578351323e-02,1.247304877058993107e-07,6.815392416066885506e-01,2.095346432921697532e-07,3.257141408157358808e-02,-6.817251533010845818e-09,9.994694107298546237e-01,-6.673109027224564116e-01,-9.045269043067625489e-06,8.946069876220017850e-06,1.180718178863271905e+00,-5.785614364766842321e-01,1.231204620375770318e-05,-6.673111734099901327e-01,8.037433055461641067e-06,-7.877103778288821592e-06,1.180718723170772311e+00,-5.785617100875295460e-01,-1.167958681643772162e-05,0.000000000000000000e+00,0.000000000000000000e+00,0.000000000000000000e+00,4.979999999999999982e-01,2.999999999999999889e-01,0.000000000000000000e+00,5.010000000000000009e-01,0.000000000000000000e+00,0.000000000000000000e+00,0.000000000000000000e+00,4.979999999999999982e-01,-2.999999999999999889e-01,0.000000000000000000e+00,5.010000000000000009e-01,0.000000000000000000e+00,0.000000000000000000e+00,0.000000000000000000e+00
-2.254582108449490821e-02,1.346470980095439034e-07,6.692443320155596620e-01,2.056787219249718290e-07,3.611238371960175803e-02,-7.430471019084552888e-09,9.993477351463032621e-01,-7.132449904028571597e-01,-8.877471091901362042e-06,9.480122426128341495e-06,1.248792640206770388e+00,-6.077879209953227502e-01,1.257749374530636412e-05,-7.132452450843317360e-01,7.894469323319811869e-06,-8.348619643032194232e-06,1.248793145805249027e+00,-6.077881719028387364e-01,-1.190087813262085115e-05,0.000000000000000000e+00,0.000000000000000000e+00,0.000000000000000000e+00,4.979999999999999982e-01,2.999999999999999889e-01,0.000000000000000000e+00,5.010000000000000009e-01,0.000000000000000000e+00,0.000000000000000000e+00,0.000000000000000000e+00,4.979999999999999982e-01,-2.999999999999999889e-01,0.000000000000000000e+00,5.010000000000000009e-01,0.000000000000000000e+00,0.000000000000000000e+00,0.000000000000000000e+00
-2.539104105439719122e-02,1.414294047787377115e-07,6.561150492206917484e-01,1.889857777299430639e-07,3.992597866274299329e-02,-7.496002308416123163e-09,9.992026402225858694e-01,-7.598821378970129770e-01,-8.660878638257823452e-06,1.001633169778776375e-05,1.315105873602899766e+00,-6.350967113811535336e-01,1.287314115400990990e-05,-7.598823652619248747e-01,7.749541774216580611e-06,-8.879472944771305205e-06,1.315106318626841686e+00,-6.350969290308570159e-01,-1.217042603588932877e-05,0.000000000000000000e+00,0.000000000000000000e+00,0.000000000000000000e+00,4.979999999999999982e-01,2.999999999999999889e-01,0.000000000000000000e+00,5.010000000000000009e-01,0.000000000000000000e+00,0.000000000000000000e+00,0.000000000000000000e+00,4.979999999999999982e-01,-2.999999999999999889e-01,0.000000000000000000e+00,5.010000000000000009e-01,0.000000000000000000e+00,0.000000000000000000e+00,0.000000000000000000e+00
-2.824695170730253529e-02,1.476565546101447054e-07,6.429140227763447957e-01,1.704948761759139127e-07,4.375776805802798070e-02,-7.438997539212330349e-09,9.990421701482630201e-01,-8.065028221336855152e-01,-8.437828710280606860e-06,1.055135357602273145e-05,1.381012385822643962e+00,-6.620528323915194635e-01,1.317278337967972558e-05,-8.065030207314375366e-01,7.602921238829472095e-06,-9.419245510578032733e-06,1.381012767885977377e+00,-6.620530158480186778e-01,-1.244718390206338884e-05,0.000000000000000000e+00,0.000000000000000000e+00,0.000000000000000000e+00,4.979999999999999982e-01,2.999999999999999889e-01,0.000000000000000000e+00,5.010000000000000009e-01,0.000000000000000000e+00,0.000000000000000000e+00,0.000000000000000000e+00,4.979999999999999982e-01,-2.999999999999999889e-01,0.000000000000000000e+00,5.010000000000000009e-01,0.000000000000000000e+00,0.000000000000000000e+00,0.000000000000000000e+00
-3.116676445926625308e-02,1.505653295892380736e-07,6.292841584556422285e-01,1.412708235019612683e-07,4.770112454165886806e-02,-6.650091505947758856e-09,9.988616534422778415e-01,-8.530250994949302168e-01,-8.176180110504817889e-06,1.107927797206605172e-05,1.444487777701893849e+00,-6.869009203267895103e-01,1.349630407872918910e-05,-8.530252606547753524e-01,7.446181108914495349e-06,-1.001233176044159793e-05,1.444488082542200846e+00,-6.869010639989073796e-01,-1.276703833780816976e-05,0.000000000000000000e+00,0.000000000000000000e+00,0.000000000000000000e+00,4.979999999999999982e-01,2.999999999999999889e-01,0.000000000000000000e+00,5.010000000000000009e-01,0.000000000000000000e+00,0.000000000000000000e+00,0.000000000000000000e+00,4.979999999999999982e-01,-2.999999999999999889e-01,0.000000000000000000e+00,5.010000000000000009e-01,0.000000000000000000e+00,0.000000000000000000e+00,0.000000000000000000e+00
-3.408518905319427028e-02,1.523377585729717773e-07,6.156229133204641490e-01,1.089846906849667254e-07,5.163241176271438776e-02,-5.565883297168741950e-09,9.986661574598159063e-01,-8.992726108074878821e-01,-7.904329130757179977e-06,1.160228582495569044e-05,1.506934968148706755e+00,-7.109728921420508385e-01,1.382609048385297060e-05,-8.992727320014073378e-01,7.283515508459607434e-06,-1.062129020864362594e-05,1.506935192568846338e+00,-7.109729953608084907e-01,-1.310009954357421452e-05,0.000000000000000000e+00,0.000000000000000000e+00,0.000000000000000000e+00,4.979999999999999982e-01,2.999999999999999889e-01,0.000000000000000000e+00,5.010000000000000009e-01,0.000000000000000000e+00,0.000000000000000000e+00,0.000000000000000000e+00,4.979999999999999982e-01,-2.999999999999999889e-01,0.000000000000000000e+00,5.010000000000000009e-01,0.000000000000000000e+00,0.000000000000000000e+00,0.000000000000000000e+00
-3.699986725353180544e-02,1.510433902295462429e-07,6.018769769043292861e-01,6.843881732176107506e-08,5.553233870468303468e-02,-3.684901580690436046e-09,9.984568890833412924e-01,-9.447785770385748183e-01,-7.604943727729929514e-06,1.211202479542382361e-05,1.566607224361003192e+00,-7.329502634992405286e-01,1.417278692405405729e-05,-9.447786514438916150e-01,7.104858108598405504e-06,-1.127308491942704409e-05,1.566607359732455906e+00,-7.329503244591818456e-01,-1.346880349122258392e-05,0.000000000000000000e+00,0.000000000000000000e+00,0.000000000000000000e+00,4.979999999999999982e-01,2.999999999999999889e-01,0.000000000000000000e+00,5.010000000000000009e-01,0.000000000000000000e+00,0.000000000000000000e+00,0.000000000000000000e+00,4.979999999999999982e-01,-2.999999999999999889e-01,0.000000000000000000e+00,5.010000000000000009e-01,0.000000000000000000e+00,0.000000000000000000e+00,0.000000000000000000e+00
-3.988112715645223544e-02,1.481010941003294717e-07,5.882518883739760174e-01,2.392352919457407419e-08,5.933808786081856690e-02,-1.312926157660451563e-09,9.982379432425022570e-01,-9.894754291674991986e-01,-7.294388780934306511e-06,1.260999111510902461e-05,1.624392702823667323e+00,-7.536629820698926840e-01,1.452555224947093782e-05,-9.894754530668812276e-01,6.914612692726131408e-06,-1.194425437246404214e-05,1.624392745824392525e+00,-7.536630011664733342e-01,-1.385473559451896675e-05,0.000000000000000000e+00,0.000000000000000000e+00,0.000000000000000000e+00,4.979999999999999982e-01,2.999999999999999889e-01,0.000000000000000000e+00,5.010000000000000009e-01,0.000000000000000000e+00,0.000000000000000000e+00,0.000000000000000000e+00,4.979999999999999982e-01,-2.999999999999999889e-01,0.000000000000000000e+00,5.010000000000000009e-01,0.000000000000000000e+00,0.000000000000000000e+00,0.000000000000000000e+00
-4.271171128971473774e-02,1.426598672852263829e-07,5.748100545303315156e-01,-2.660977239600188699e-08,6.300147933855555771e-02,1.803529543094302236e-09,9.980134335775009413e-01,-1.032945334293217776e+00,-6.966896249912724165e-06,1.309010529433677540e-05,1.679317056632292804e+00,-7.724579711850926289e-01,1.488752048027338236e-05,-1.032945302049672609e+00,6.706795118020023192e-06,-1.264480383739602590e-05,1.679317002224721689e+00,-7.724579490179848129e-01,-1.426679260885893779e-05,0.000000000000000000e+00,0.000000000000000000e+00,0.000000000000000000e+00,4.979999999999999982e-01,2.999999999999999889e-01,0.000000000000000000e+00,5.010000000000000009e-01,0.000000000000000000e+00,0.000000000000000000e+00,0.000000000000000000e+00,4.979999999999999982e-01,-2.999999999999999889e-01,0.000000000000000000e+00,5.010000000000000009e-01,0.000000000000000000e+00,0.000000000000000000e+00,0.000000000000000000e+00
-4.545869704640366493e-02,1.352749770900487555e-07,5.617661302238402543e-01,-8.182814931862816648e-08,6.643354998958166113e-02,5.584669870510905158e-09,9.977908515494493535e-01,-1.074731279528848171e+00,-6.631207820799750005e-06,1.354664603229383164e-05,1.731245809516640533e+00,-7.894793541580745755e-01,1.525084937474150653e-05,-1.074731185864726601e+00,6.483049890140479506e-06,-1.336185973629807637e-05,1.731245654295938463e+00,-7.894792926002228706e-01,-1.469562600469286221e-05,0.000000000000000000e+00,0.000000000000000000e+00,0.000000000000000000e+00,4.979999999999999982e-01,2.999999999999999889e-01,0.000000000000000000e+00,5.010000000000000009e-01,0.000000000000000000e+00,0.000000000000000000e+00,0.000000000000000000e+00,4.979999999999999982e-01,-2.999999999999999889e-01,0.000000000000000000e+00,5.010000000000000009e-01,0.000000000000000000e+00,0.000000000000000000e+00,0.000000000000000000e+00
-4.812987233892276201e-02,1.261274925829630803e-07,5.490830467368191803e-01,-1.412945808768497055e-07,6.965587910811482653e-02,9.968535112372415541e-09,9.975710794252486968e-01,-1.114990140314476186e+00,-6.288087012446132135e-06,1.398180939908580741e-05,1.780458027632670692e+00,-8.048923577532864915e-01,1.561541217527697410e-05,-1.114989980443787276e+00,6.244860807850064418e-06,-1.409388435196650647e-05,1.780457768511191974e+00,-8.048922585031543786e-01,-1.513967291686854555e-05,0.000000000000000000e+00,0.000000000000000000e+00,0.000000000000000000e+00,4.979999999999999982e-01,2.999999999999999889e-01,0.000000000000000000e+00,5.010000000000000009e-01,0.000000000000000000e+00,0.000000000000000000e+00,0.000000000000000000e+00,4.979999999999999982e-01,-2.999999999999999889e-01,0.000000000000000000e+00,5.010000000000000009e-01,0.000000000000000000e+00,0.000000000000000000e+00,0.000000000000000000e+00
-5.065260047884757172e-02,1.150818998254379369e-07,5.372121523563008205e-01,-2.061293331866641671e-07,7.245723654488753218e-02,1.511492317029050336e-08,9.973715199825166078e-01,-1.152273268489288682e+00,-5.945641214723195127e-06,1.437404250966375437e-05,1.825287997402911699e+00,-8.180561316533362382e-01,1.596929742162288897e-05,-1.152273035223323916e+00,5.992052247276419756e-06,-1.482958296793477456e-05,1.825287630447248066e+00,-8.180559979662695991e-01,-1.559189599674360688e-05,0.000000000000000000e+00,0.000000000000000000e+00,0.000000000000000000e+00,4.979999999999999982e-01,2.999999999999999889e-01,0.000000000000000000e+00,5.010000000000000009e-01,0.000000000000000000e+00,0.000000000000000000e+00,0.000000000000000000e+00,4.979999999999999982e-01,-2.999999999999999889e-01,0.000000000000000000e+00,5.010000000000000009e-01,0.000000000000000000e+00,0.000000000000000000e+00,0.000000000000000000e+00
-5.309590844942808918e-02,1.030208071000845738e-07,5.257757843055285152e-01,-2.738354753370193939e-07,7.503323011057148884e-02,2.066921287966300168e-08,9.971810339046259797e-01,-1.187964360820071175e+00,-5.603556551974294202e-06,1.474330766054071130e-05,1.867773436478902482e+00,-8.300165533828517406e-01,1.631747010867011109e-05,-1.187964050312825481e+00,5.731422172980968600e-06,-1.556724719739501192e-05,1.867772959584655945e+00,-8.300163870004811928e-01,-1.604849337826018573e-05,0.000000000000000000e+00,0.000000000000000000e+00,0.000000000000000000e+00,4.979999999999999982e-01,2.999999999999999889e-01,0.000000000000000000e+00,5.010000000000000009e-01,0.000000000000000000e+00,0.000000000000000000e+00,0.000000000000000000e+00,4.979999999999999982e-01,-2.999999999999999889e-01,0.000000000000000000e+00,5.010000000000000009e-01,0.000000000000000000e+00,0.000000000000000000e+00,0.000000000000000000e+00
-5.531661143415963350e-02,8.953358745765674232e-08,5.157149187295740900e-01,-3.474350741158051445e-07,7.695582399694772535e-02,2.692913686314065134e-08,9.970345034916442417e-01,-1.218896634087321962e+00,-5.279440091086059041e-06,1.504036204348446948e-05,1.904167098367784972e+00,-8.393342649413979562e-01,1.663239172797437794e-05,-1.218896237538241500e+00,5.468767269853047530e-06,-1.628127106742429368e-05,1.904166506565450723e+00,-8.393340696947074742e-01,-1.649175757237163068e-05,0.000000000000000000e+00,0.000000000000000000e+00,0.000000000000000000e+00,4.979999999999999982e-01,2.999999999999999889e-01,0.000000000000000000e+00,5.010000000000000009e-01,0.000000000000000000e+00,0.000000000000000000e+00,0.000000000000000000e+00,4.979999999999999982e-01,-2.999999999999999889e-01,0.000000000000000000e+00,5.010000000000000009e-01,0.000000000000000000e+00,0.000000000000000000e+00,0.000000000000000000e+00
-5.747397804303394642e-02,7.564060102570501873e-08,5.060454160936963541e-01,-4.227108452346918120e-07,7.869238848916623730e-02,3.338977881400953999e-08,9.968989457280463817e-01,-1.248474910939376459e+00,-4.960436007991994842e-06,1.531687075751019458e-05,1.938827505774115112e+00,-8.479000630419779583e-01,1.693785263319719402e-05,-1.248474425844495528e+00,5.205536255100803147e-06,-1.698856869686822001e-05,1.938826797649751521e+00,-8.478998400209728503e-01,-1.693122815976916178e-05,0.000000000000000000e+00,0.000000000000000000e+00,0.000000000000000000e+00,4.979999999999999982e-01,2.999999999999999889e-01,0.000000000000000000e+00,5.010000000000000009e-01,0.000000000000000000e+00,0.000000000000000000e+00,0.000000000000000000e+00,4.979999999999999982e-01,-2.999999999999999889e-01,0.000000000000000000e+00,5.010000000000000009e-01,0.000000000000000000e+00,0.000000000000000000e+00,0.000000000000000000e+00
-5.933267897262185092e-02,6.124560582628725860e-08,4.984750126707291340e-01,-5.035977130956735346e-07,7.951898099147203247e-02,4.022552919852075075e-08,9.968333520011369853e-01,-1.270980197012311352e+00,-4.686815077838414511e-06,1.548175089245695723e-05,1.965291891560467796e+00,-8.535175979962480453e-01,1.717485703581532404e-05,-1.270979614846134309e+00,4.970026725167316238e-06,-1.762577521289314728e-05,1.965291061143308537e+00,-8.535173497555148536e-01,-1.731851307188044157e-05,0.000000000000000000e+00,0.000000000000000000e+00,0.000000000000000000e+00,4.979999999999999982e-01,2.999999999999999889e-01,0.000000000000000000e+00,5.010000000000000009e-01,0.000000000000000000e+00,0.000000000000000000e+00,0.000000000000000000e+00,4.979999999999999982e-01,-2.999999999999999889e-01,0.000000000000000000e+00,5.010000000000000009e-01,0.000000000000000000e+00,0.000000000000000000e+00,0.000000000000000000e+00
-6.114864519707464974e-02,4.682416036930410282e-08,4.912180157734413188e-01,-5.851739762469119720e-07,8.021399555001201831e-02,4.708887285029493521e-08,9.967776657397365847e-01,-1.292435928478318230e+00,-4.420484934683731824e-06,1.562998685098073690e-05,1.990559854200478096e+00,-8.587243755519576860e-01,1.740105438149944762e-05,-1.292435248226497357e+00,4.739852822210813261e-06,-1.825125803269849161e-05,1.990558900687397825e+00,-8.587241023027007980e-01,-1.769685384008036328e-05,0.000000000000000000e+00,0.000000000000000000e+00,0.000000000000000000e+00,4.979999999999999982e-01,2.999999999999999889e-01,0.000000000000000000e+00,5.010000000000000009e-01,0.000000000000000000e+00,0.000000000000000000e+00,0.000000000000000000e+00,4.979999999999999982e-01,-2.999999999999999889e-01,0.000000000000000000e+00,5.010000000000000009e-01,0.000000000000000000e+00,0.000000000000000000e+00,0.000000000000000000e+00
-6.262071455686975263e-02,3.317260413471429854e-08,4.867658192975777842e-01,-6.698461297531331706e-07,7.982119289869626932e-02,5.360993595862109824e-08,9.968091979731013019e-01,-1.304633260424370222e+00,-4.230087896910138265e-06,1.562973553708842610e-05,2.005686831056250785e+00,-8.608659809209053826e-01,1.751837042048688017e-05,-1.304632478375042481e+00,4.582264814577645763e-06,-1.874569756385178871e-05,2.005685749093169878e+00,-8.608656810208101806e-01,-1.797123020263319870e-05,0.000000000000000000e+00,0.000000000000000000e+00,0.000000000000000000e+00,4.979999999999999982e-01,2.999999999999999889e-01,0.000000000000000000e+00,5.010000000000000009e-01,0.000000000000000000e+00,0.000000000000000000e+00,0.000000000000000000e+00,4.979999999999999982e-01,-2.999999999999999889e-01,0.000000000000000000e+00,5.010000000000000009e-01,0.000000000000000000e+00,0.000000000000000000e+00,0.000000000000000000e+00
-6.403553380209621448e-02,1.985074104664252473e-08,4.828737073440317884e-01,-7.541772602887594685e-07,7.924074592815998075e-02,5.991439267508827213e-08,9.968555081776779847e-01,-1.315039815202593276e+00,-4.055864514071588914e-06,1.560132780168462917e-05,2.018862163102557172e+00,-8.624702764283328493e-01,1.761225444182839921e-05,-1.315038932296858976e+00,4.444264446484546833e-06,-1.920821268727352401e-05,2.018860952344023740e+00,-8.624699485908586816e-01,-1.822016409106578643e-05,0.000000000000000000e+00,0.000000000000000000e+00,0.000000000000000000e+00,4.979999999999999982e-01,2.999999999999999889e-01,0.000000000000000000e+00,5.010000000000000009e-01,0.000000000000000000e+00,0.000000000000000000e+00,0.000000000000000000e+00,4.979999999999999982e-01,-2.999999999999999889e-01,0.000000000000000000e+00,5.010000000000000009e-01,0.000000000000000000e+00,0.000000000000000000e+00,0.000000000000000000e+00
-6.514890574789998501e-02,8.264858915200192764e-09,4.819306893438023431e-01,-8.367121382480833036e-07,7.767221518279249226e-02,6.507827246551971532e-08,9.969789501227664941e-01,-1.316017132237325082e+00,-3.966802613244007243e-06,1.542466399221018332e-05,2.021761217770580821e+00,-8.612453966942984485e-01,1.758275847532874604e-05,-1.316016153430497937e+00,4.409401706777121944e-06,-1.950263161440193149e-05,2.021759876397633438e+00,-8.612450341452378977e-01,-1.833513204472309656e-05,0.000000000000000000e+00,0.000000000000000000e+00,0.000000000000000000e+00,4.979999999999999982e-01,2.999999999999999889e-01,0.000000000000000000e+00,5.010000000000000009e-01,0.000000000000000000e+00,0.000000000000000000e+00,0.000000000000000000e+00,4.979999999999999982e-01,-2.999999999999999889e-01,0.000000000000000000e+00,5.010000000000000009e-01,0.000000000000000000e+00,0.000000000000000000e+00,0.000000000000000000e+00
-6.616619633194284478e-02,-2.440540006568112191e-09,4.821763070123887829e-01,-9.164535168045586652e-07,7.577914566296650722e-02,6.955842952527488361e-08,9.971246266549365078e-01,-1.313394628645982554e+00,-3.909437182968673431e-06,1.519470917565769261e-05,2.020516625632741370e+00,-8.588260701545783471e-01,1.750439719609912155e-05,-1.313393559050858528e+00,4.420233460233969433e-06,-1.972159516302501343e-05,2.020515154790719858e+00,-8.588256689265530985e-01,-1.839203339940303773e-05,0.000000000000000000e+00,0.000000000000000000e+00,0.000000000000000000e+00,4.979999999999999982e-01,2.999999999999999889e-01,0.000000000000000000e+00,5.010000000000000009e-01,0.000000000000000000e+00,0.000000000000000000e+00,0.000000000000000000e+00,4.979999999999999982e-01,-2.999999999999999889e-01,0.000000000000000000e+00,5.010000000000000009e-01,0.000000000000000000e+00,0.000000000000000000e+00,0.000000000000000000e+00
-6.694437098137424880e-02,-1.095469640499653849e-08,4.853800606154836661e-01,-9.892427328893528243e-07,7.307845861776908480e-02,7.233702783161067411e-08,9.973261948254780185e-01,-1.301813317043786666e+00,-3.930954181512838484e-06,1.483213000064157349e-05,2.008959815177793207e+00,-8.534341456098888390e-01,1.730442570330295026e-05,-1.301812169384487516e+00,4.544784266369955595e-06,-1.975277428580222215e-05,2.008958217717082384e+00,-8.534336958293567976e-01,-1.830442546706086756e-05,0.000000000000000000e+00,0.000000000000000000e+00,0.000000000000000000e+00,4.979999999999999982e-01,2.999999999999999889e-01,0.000000000000000000e+00,5.010000000000000009e-01,0.000000000000000000e+00,0.000000000000000000e+00,0.000000000000000000e+00,4.979999999999999982e-01,-2.999999999999999889e-01,0.000000000000000000e+00,5.010000000000000009e-01,0.000000000000000000e+00,0.000000000000000000e+00,0.000000000000000000e+00
-6.760644372773272348e-02,-1.798010148249544587e-08,4.905739428559907078e-01,-1.054576793386910063e-06,6.998016091828004881e-02,7.385950271701100198e-08,9.975483833262094313e-01,-1.284676002649183246e+00,-3.994627683981604872e-06,1.439588845255547799e-05,1.990207329600816921e+00,-8.456064719552623954e-01,1.703201484539525025e-05,-1.284674788057049932e+00,4.739524984262212706e-06,-1.965529657141568061e-05,1.990205610253343860e+00,-8.456059672229286894e-01,-1.812473096152011069e-05,0.000000000000000000e+00,0.000000000000000000e+00,0.000000000000000000e+00,4.979999999999999982e-01,2.999999999999999889e-01,0.000000000000000000e+00,5.010000000000000009e-01,0.000000000000000000e+00,0.000000000000000000e+00,0.000000000000000000e+00,4.979999999999999982e-01,-2.999999999999999889e-01,0.000000000000000000e+00,5.010000000000000009e-01,0.000000000000000000e+00,0.000000000000000000e+00,0.000000000000000000e+00
-6.810395992327354653e-02,-2.289543104948795879e-08,4.985885256671874766e-01,-1.109342249478162975e-06,6.631825744161863601e-02,7.360150669650343425e-08,9.977985211096832563e-01,-1.259663910738853199e+00,-4.118051532454652933e-06,1.385524184549438093e-05,1.961256083731844901e+00,-8.343264994013093183e-01,1.665693235377034478e-05,-1.259662644990845459e+00,5.033749082487625577e-06,-1.937546762244622109e-05,1.961254249204386513e+00,-8.343259306471597636e-01,-1.781451793336169155e-05,0.000000000000000000e+00,0.000000000000000000e+00,0.000000000000000000e+00,4.979999999999999982e-01,2.999999999999999889e-01,0.000000000000000000e+00,5.010000000000000009e-01,0.000000000000000000e+00,0.000000000000000000e+00,0.000000000000000000e+00,4.979999999999999982e-01,-2.999999999999999889e-01,0.000000000000000000e+00,5.010000000000000009e-01,0.000000000000000000e+00,0.000000000000000000e+00,0.000000000000000000e+00
-6.849072869990628643e-02,-2.580422649935481075e-08,5.095629106170082023e-01,-1.150389922929694576e-06,6.227841120755064908e-02,7.169192252036844357e-08,9.980588156497265384e-01,-1.227055332625206274e+00,-4.284396176726488838e-06,1.323278333685160298e-05,1.920793057356950495e+00,-8.183755773412960677e-01,1.619790194375115932e-05,-1.227054031313762339e+00,5.407138360905469430e-06,-1.891610756854149330e-05,1.920791117322979247e+00,-8.183749386463332609e-01,-1.739086162482466824e-05,0.000000000000000000e+00,0.000000000000000000e+00,0.000000000000000000e+00,4.979999999999999982e-01,2.999999999999999889e-01,0.000000000000000000e+00,5.010000000000000009e-01,0.000000000000000000e+00,0.000000000000000000e+00,0.000000000000000000e+00,4.979999999999999982e-01,-2.999999999999999889e-01,0.000000000000000000e+00,5.010000000000000009e-01,0.000000000000000000e+00,0.000000000000000000e+00,0.000000000000000000e+00
-6.878342731516319530e-02,-2.700864824855136030e-08,5.230513863471464298e-01,-1.179777747217909364e-06,5.791718916996830419e-02,6.837902804459898662e-08,9.983213907340929838e-01,-1.187994209702112336e+00,-4.487198250227628462e-06,1.254083283588855964e-05,1.870551789099835327e+00,-7.984570957828718285e-01,1.566756518358519235e-05,-1.187992886071632004e+00,5.847771475337468213e-06,-1.830425168060515536e-05,1.870549751776112490e+00,-7.984563821194294864e-01,-1.687084525844221130e-05,0.000000000000000000e+00,0.000000000000000000e+00,0.000000000000000000e+00,4.979999999999999982e-01,2.999999999999999889e-01,0.000000000000000000e+00,5.010000000000000009e-01,0.000000000000000000e+00,0.000000000000000000e+00,0.000000000000000000e+00,4.979999999999999982e-01,-2.999999999999999889e-01,0.000000000000000000e+00,5.010000000000000009e-01,0.000000000000000000e+00,0.000000000000000000e+00,0.000000000000000000e+00
-6.899788715105927006e-02,-2.590493933629712686e-08,5.406187988659356680e-01,-1.189604938900948001e-06,5.330422041344516637e-02,6.350204049280287665e-08,9.985783194545612140e-01,-1.138929452465208048e+00,-4.726212841729311517e-06,1.177219017644487067e-05,1.802432086563453328e+00,-7.701618834374814870e-01,1.506141617144260417e-05,-1.138928120420436674e+00,6.353779813377743222e-06,-1.747796459690310070e-05,1.802429963376606548e+00,-7.701610923269797127e-01,-1.624136543353256468e-05,0.000000000000000000e+00,0.000000000000000000e+00,0.000000000000000000e+00,4.979999999999999982e-01,2.999999999999999889e-01,0.000000000000000000e+00,5.010000000000000009e-01,0.000000000000000000e+00,0.000000000000000000e+00,0.000000000000000000e+00,4.979999999999999982e-01,-2.999999999999999889e-01,0.000000000000000000e+00,5.010000000000000009e-01,0.000000000000000000e+00,0.000000000000000000e+00,0.000000000000000000e+00
-6.917341765963200273e-02,-2.365277214339587877e-08,5.602157709800287266e-01,-1.189684420506439135e-06,4.856537151962770499e-02,5.784606281714145949e-08,9.988200061511293137e-01,-1.084887179502638910e+00,-4.983245722600567155e-06,1.096538774297329748e-05,1.725416598257248024e+00,-7.376986549577727592e-01,1.441754520100224674e-05,-1.084885845962171080e+00,6.892316949789806160e-06,-1.654498282449941353e-05,1.725414394892832437e+00,-7.376977851669425101e-01,-1.555741979458845827e-05,0.000000000000000000e+00,0.000000000000000000e+00,0.000000000000000000e+00,4.979999999999999982e-01,2.999999999999999889e-01,0.000000000000000000e+00,5.010000000000000009e-01,0.000000000000000000e+00,0.000000000000000000e+00,0.000000000000000000e+00,4.979999999999999982e-01,-2.999999999999999889e-01,0.000000000000000000e+00,5.010000000000000009e-01,0.000000000000000000e+00,0.000000000000000000e+00,0.000000000000000000e+00
-6.932747734904241843e-02,-1.910337131525742909e-08,5.851275605847733319e-01,-1.167820360107548217e-06,4.380620973657604195e-02,5.132068801389245859e-08,9.990400472389225905e-01,-1.016961149911450368e+00,-5.270646587093690841e-06,1.008650285956638997e-05,1.620044859430427309e+00,-6.907243899947143051e-01,1.372509829085302109e-05,-1.016959815510609877e+00,7.467798116256220097e-06,-1.538081725598912166e-05,1.620042573036208022e+00,-6.907234380349365210e-01,-1.479648655178791740e-05,0.000000000000000000e+00,0.000000000000000000e+00,0.000000000000000000e+00,4.979999999999999982e-01,2.999999999999999889e-01,0.000000000000000000e+00,5.010000000000000009e-01,0.000000000000000000e+00,0.000000000000000000e+00,0.000000000000000000e+00,4.979999999999999982e-01,-2.999999999999999889e-01,0.000000000000000000e+00,5.010000000000000009e-01,0.000000000000000000e+00,0.000000000000000000e+00,0.000000000000000000e+00
-6.947599318831206017e-02,-1.396081570732870365e-08,6.114116570154050079e-01,-1.140270759813002796e-06,3.904109012165369458e-02,4.457000123566929372e-08,9.992376060181136221e-01,-9.454502796321441194e-01,-5.565888584661659394e-06,9.189006003453566125e-06,1.507351424945299279e+00,-6.400033182124523767e-01,1.302010888159566702e-05,-9.454489445349739674e-01,8.052818376907627950e-06,-1.415695912005020458e-05,1.507349054784817843e+00,-6.400022831829518255e-01,-1.401567480620403393e-05,0.000000000000000000e+00,0.000000000000000000e+00,0.000000000000000000e+00,4.979999999999999982e-01,2.999999999999999889e-01,0.000000000000000000e+00,5.010000000000000009e-01,0.000000000000000000e+00,0.000000000000000000e+00,0.000000000000000000e+00,4.979999999999999982e-01,-2.999999999999999889e-01,0.000000000000000000e+00,5.010000000000000009e-01,0.000000000000000000e+00,0.000000000000000000e+00,0.000000000000000000e+00
-6.967655306529955961e-02,-6.885528640464863142e-09,6.443164213896357406e-01,-1.094749969199684178e-06,3.457250870467536846e-02,3.805521038953507324e-08,9.994021921332097991e-01,-8.510096899405954485e-01,-5.898083024996366287e-06,8.186129931718215868e-06,1.344513474828934463e+00,-5.626627178817705799e-01,1.230642360823074333e-05,-8.510083112909527792e-01,8.661086161567008995e-06,-1.266853215917208681e-05,1.344510941243390434e+00,-5.626615629782960593e-01,-1.321270995393152166e-05,0.000000000000000000e+00,0.000000000000000000e+00,0.000000000000000000e+00,4.979999999999999982e-01,2.999999999999999889e-01,0.000000000000000000e+00,5.010000000000000009e-01,0.000000000000000000e+00,0.000000000000000000e+00,0.000000000000000000e+00,4.979999999999999982e-01,-2.999999999999999889e-01,0.000000000000000000e+00,5.010000000000000009e-01,0.000000000000000000e+00,0.000000000000000000e+00,0.000000000000000000e+00
-6.988758953578579070e-02,3.931511975136164694e-10,6.781523260410764475e-01,-1.047475514168074669e-06,3.015890932423275633e-02,2.559056300692261862e-08,9.995451166341993154e-01,-7.593333010540590511e-01,-6.217028992306813195e-06,7.223748618511707789e-06,1.185585917640418652e+00,-4.869532502361550441e-01,1.162690392339604079e-05,-7.593318775225867956e-01,9.241512375399654761e-06,-1.123148004784025255e-05,1.185583222188035135e+00,-4.869519783462260554e-01,-1.244718687402500912e-05,0.000000000000000000e+00,0.000000000000000000e+00,0.000000000000000000e+00,4.979999999999999982e-01,2.999999999999999889e-01,0.000000000000000000e+00,5.010000000000000009e-01,0.000000000000000000e+00,0.000000000000000000e+00,0.000000000000000000e+00,4.979999999999999982e-01,-2.999999999999999889e-01,0.000000000000000000e+00,5.010000000000000009e-01,0.000000000000000000e+00,0.000000000000000000e+00,0.000000000000000000e+00
-7.021665867443058207e-02,8.440367205575932919e-09,7.191845245991955737e-01,-9.960961622088293359e-07,2.633751089810919960e-02,-1.030869982229334018e-07,9.996531075921732956e-01,-7.593333010540590511e-01,-6.217028992306813195e-06,7.223748618511707789e-06,1.185585917640418652e+00,-4.869532502361550441e-01,1.162690392339604079e-05,-7.593318775225867956e-01,9.241512375399654761e-06,-1.123148004784025255e-05,1.185583222188035135e+00,-4.869519783462260554e-01,-1.244718687402500912e-05,0.000000000000000000e+00,0.000000000000000000e+00,0.000000000000000000e+00,4.979999999999999982e-01,2.999999999999999889e-01,0.000000000000000000e+00,5.010000000000000009e-01,0.000000000000000000e+00,0.000000000000000000e+00,0.000000000000000000e+00,4.979999999999999982e-01,-2.999999999999999889e-01,0.000000000000000000e+00,5.010000000000000009e-01,0.000000000000000000e+00,0.000000000000000000e+00,0.000000000000000000e+00
-7.057504081886338543e-02,1.657970610594303216e-08,7.615905175574299024e-01,-9.460133812030200012e-07,2.266024862231295206e-02,-2.243659730883280599e-07,9.997432235986547511e-01,-7.538539336993993478e-01,-6.172166761641923901e-06,7.171621874822742180e-06,1.177391502359417697e+00,-4.834393838761710804e-01,1.154300390517586642e-05,-7.538525204401643753e-01,9.174825399934260546e-06,-1.115043341781201617e-05,1.177388826357483431e+00,-4.834381211642304055e-01,-1.235736767431362146e-05,0.000000000000000000e+00,0.000000000000000000e+00,0.000000000000000000e+00,4.979999999999999982e-01,2.999999999999999889e-01,0.000000000000000000e+00,5.010000000000000009e-01,0.000000000000000000e+00,0.000000000000000000e+00,0.000000000000000000e+00,4.979999999999999982e-01,-2.999999999999999889e-01,0.000000000000000000e+00,5.010000000000000009e-01,0.000000000000000000e+00,0.000000000000000000e+00,0.000000000000000000e+00
-7.107076473446592713e-02,2.515067324961946442e-08,8.090821626770564601e-01,-9.004463361106855437e-07,1.965985827667971614e-02,-3.107304360947977276e-07,9.998067263084569056e-01,-7.227017976487957185e-01,-5.917109156858828972e-06,6.875262951215866368e-06,1.130803361217211700e+00,-4.634618142363531312e-01,1.106600270903954119e-05,-7.227004427908531037e-01,8.795686423107942388e-06,-1.068965473997150586e-05,1.130800795797941349e+00,-4.634606037045131410e-01,-1.184671384363260818e-05,0.000000000000000000e+00,0.000000000000000000e+00,0.000000000000000000e+00,4.979999999999999982e-01,2.999999999999999889e-01,0.000000000000000000e+00,5.010000000000000009e-01,0.000000000000000000e+00,0.000000000000000000e+00,0.000000000000000000e+00,4.979999999999999982e-01,-2.999999999999999889e-01,0.000000000000000000e+00,5.010000000000000009e-01,0.000000000000000000e+00,0.000000000000000000e+00,0.000000000000000000e+00
-7.156648865006842719e-02,3.372164039329394122e-08,8.524636861028089818e-01,-8.499563211685714852e-07,1.665929086723530808e-02,-3.963251556695173971e-07,9.998612243841249470e-01,-6.915496615981920892e-01,-5.662051552075734043e-06,6.578904027608989708e-06,1.084215220075005259e+00,-4.434842445965351265e-01,1.058900151290321426e-05,-6.915483651415418320e-01,8.416547446281622536e-06,-1.022887606213099386e-05,1.084212765238399045e+00,-4.434830862447958211e-01,-1.133606001295159321e-05,0.000000000000000000e+00,0.000000000000000000e+00,0.000000000000000000e+00,4.980000000000000537e-01,3.000000000000000444e-01,0.000000000000000000e+00,5.010000000000000009e-01,0.000000000000000000e+00,0.000000000000000000e+00,0.000000000000000000e+00,4.980000000000000537e-01,-3.000000000000000444e-01,0.000000000000000000e+00,5.010000000000000009e-01,0.000000000000000000e+00,0.000000000000000000e+00,0.000000000000000000e+00
-7.206221256567089950e-02,4.229260753696662800e-08,8.921664594795351011e-01,-7.950642416355871653e-07,1.365857341819041310e-02,-4.812394955790300894e-07,9.999067173348302751e-01,-6.603975255475882378e-01,-5.406993947292637419e-06,6.282545104002113049e-06,1.037627078932798597e+00,-4.235066749567170663e-01,1.011200031676688563e-05,-6.603962874922303383e-01,8.037408469455302684e-06,-9.768097384290481855e-06,1.037624734678856742e+00,-4.235055687850783901e-01,-1.082540618227057654e-05,0.000000000000000000e+00,0.000000000000000000e+00,0.000000000000000000e+00,4.979999999999999982e-01,2.999999999999999889e-01,0.000000000000000000e+00,5.010000000000000009e-01,0.000000000000000000e+00,0.000000000000000000e+00,0.000000000000000000e+00,4.979999999999999982e-01,-2.999999999999999889e-01,0.000000000000000000e+00,5.010000000000000009e-01,0.000000000000000000e+00,0.000000000000000000e+00,0.000000000000000000e+00
-7.255793648127331630e-02,5.086357468063737587e-08,9.277021671849586815e-01,-7.351924000890747573e-07,1.065773295516136802e-02,-5.653940130634911623e-07,9.999432047508479693e-01,-6.292453894969841643e-01,-5.151936342509539102e-06,5.986186180395233002e-06,9.910389377905919339e-01,-4.035291053168987840e-01,9.634999120630555316e-06,-6.292442098429186226e-01,7.658269492628977750e-06,-9.307318706449964769e-06,9.910367041193139936e-01,-4.035280513253608481e-01,-1.031475235158955649e-05,0.000000000000000000e+00,0.000000000000000000e+00,0.000000000000000000e+00,4.979999999999999982e-01,2.999999999999999889e-01,0.000000000000000000e+00,5.010000000000000009e-01,0.000000000000000000e+00,0.000000000000000000e+00,0.000000000000000000e+00,4.979999999999999982e-01,-2.999999999999999889e-01,0.000000000000000000e+00,5.010000000000000009e-01,0.000000000000000000e+00,0.000000000000000000e+00,0.000000000000000000e+00
-7.305366039687573310e-02,5.943454182430628410e-08,9.594343155371716225e-01,-6.707798322177098091e-07,7.656796504821926884e-03,-6.488646387859991321e-07,9.999706863035600080e-01,-5.980932534463802019e-01,-4.896878737726441631e-06,5.689827256788352954e-06,9.444507966483850492e-01,-3.835515356770805573e-01,9.157997924494224999e-06,-5.980921321936069068e-01,7.279130515802653663e-06,-8.846540028609449377e-06,9.444486735597712457e-01,-3.835505338656433616e-01,-9.804098520908536435e-06,0.000000000000000000e+00,0.000000000000000000e+00,0.000000000000000000e+00,4.980000000000000537e-01,2.999999999999999889e-01,0.000000000000000000e+00,5.010000000000000009e-01,0.000000000000000000e+00,0.000000000000000000e+00,0.000000000000000000e+00,4.980000000000000537e-01,-2.999999999999999889e-01,0.000000000000000000e+00,5.010000000000000009e-01,0.000000000000000000e+00,0.000000000000000000e+00,0.000000000000000000e+00
-7.354938431247810826e-02,6.800550896797333944e-08,9.873059608038783352e-01,-6.017632568221010772e-07,4.655791094735180040e-03,-7.316500882148719483e-07,9.999891617454585990e-01,-5.669411173957762395e-01,-4.641821132943343314e-06,5.393468333181473754e-06,8.978626555061781644e-01,-3.635739660372623305e-01,8.680996728357892988e-06,-5.669400545442951911e-01,6.899991538976329577e-06,-8.385761350768932291e-06,8.978606430002284977e-01,-3.635730164059258196e-01,-9.293444690227516380e-06,0.000000000000000000e+00,0.000000000000000000e+00,0.000000000000000000e+00,4.979999999999999982e-01,2.999999999999999889e-01,0.000000000000000000e+00,5.010000000000000009e-01,0.000000000000000000e+00,0.000000000000000000e+00,0.000000000000000000e+00,4.979999999999999982e-01,-2.999999999999999889e-01,0.000000000000000000e+00,5.010000000000000009e-01,0.000000000000000000e+00,0.000000000000000000e+00,0.000000000000000000e+00
-7.404510822808048343e-02,7.657647611163841616e-08,1.011067484131578098e+00,-5.278506380353298931e-07,1.654743753097117622e-03,-8.137173856184853529e-07,9.999986309101481785e-01,-5.357889813451721661e-01,-4.386763528160244996e-06,5.097109409574594554e-06,8.512745143639713907e-01,-3.435963963974441038e-01,8.203995532221560976e-06,-5.357879768949835864e-01,6.520852562150006337e-06,-7.924982672928415205e-06,8.512726124406857497e-01,-3.435954989462082221e-01,-8.782790859546494631e-06,0.000000000000000000e+00,0.000000000000000000e+00,0.000000000000000000e+00,4.979999999999999982e-01,2.999999999999999889e-01,0.000000000000000000e+00,5.010000000000000009e-01,0.000000000000000000e+00,0.000000000000000000e+00,0.000000000000000000e+00,4.979999999999999982e-01,-2.999999999999999889e-01,0.000000000000000000e+00,5.010000000000000009e-01,0.000000000000000000e+00,0.000000000000000000e+00,0.000000000000000000e+00
-7.454083214368283083e-02,8.514744325530173264e-08,1.031150257410250903e+00,-4.495595676047103482e-07,-1.346318491559946387e-03,-8.951501327433587293e-07,9.999990937123474088e-01,-5.046368452945680927e-01,-4.131705923377146678e-06,4.800750485967714506e-06,8.046863732217646170e-01,-3.236188267576258770e-01,7.726994336085230659e-06,-5.046358992456719816e-01,6.141713585323683097e-06,-7.464203995087899813e-06,8.046845818811431128e-01,-3.236179814864907356e-01,-8.272137028865476270e-06,0.000000000000000000e+00,0.000000000000000000e+00,0.000000000000000000e+00,4.979999999999999982e-01,2.999999999999999889e-01,0.000000000000000000e+00,5.010000000000000009e-01,0.000000000000000000e+00,0.000000000000000000e+00,0.000000000000000000e+00,4.979999999999999982e-01,-2.999999999999999889e-01,0.000000000000000000e+00,5.010000000000000009e-01,0.000000000000000000e+00,0.000000000000000000e+00,0.000000000000000000e+00
-7.503655605928512273e-02,9.371841039896306389e-08,1.047065965262753862e+00,-3.663141740070442995e-07,-4.347368610513572748e-03,-9.758755172922334254e-07,9.999905501478891789e-01,-4.734847092439640748e-01,-3.876648318594048361e-06,4.504391562360834459e-06,7.580982320795577323e-01,-3.036412571178075948e-01,7.249993139948898648e-06,-4.734838215963602104e-01,5.762574608497358163e-06,-7.003425317247382727e-06,7.580965513216003648e-01,-3.036404640267731381e-01,-7.761483198184454521e-06,0.000000000000000000e+00,0.000000000000000000e+00,0.000000000000000000e+00,4.979999999999999982e-01,3.000000000000000444e-01,0.000000000000000000e+00,5.010000000000000009e-01,0.000000000000000000e+00,0.000000000000000000e+00,0.000000000000000000e+00,4.979999999999999982e-01,-3.000000000000000444e-01,0.000000000000000000e+00,5.010000000000000009e-01,0.000000000000000000e+00,0.000000000000000000e+00,0.000000000000000000e+00
-7.553227997488738688e-02,1.022893775426225820e-07,1.059178113516913378e+00,-2.785506602118630321e-07,-7.348379575202452878e-03,-1.055964610555207738e-06,9.999730002937210482e-01,-4.423325731933600569e-01,-3.621590713810950467e-06,4.208032638753955258e-06,7.115100909373509586e-01,-2.836636874779893680e-01,6.772991943812566636e-06,-4.423317439470484946e-01,5.383435631671034923e-06,-6.542646639406865641e-06,7.115085207620576169e-01,-2.836629465670556516e-01,-7.250829367503434467e-06,0.000000000000000000e+00,0.000000000000000000e+00,0.000000000000000000e+00,4.979999999999999982e-01,2.999999999999999889e-01,0.000000000000000000e+00,5.010000000000000009e-01,0.000000000000000000e+00,0.000000000000000000e+00,0.000000000000000000e+00,4.979999999999999982e-01,-2.999999999999999889e-01,0.000000000000000000e+00,5.010000000000000009e-01,0.000000000000000000e+00,0.000000000000000000e+00,0.000000000000000000e+00
-7.602800389048965102e-02,1.108603446862801942e-07,1.067429758930699357e+00,-1.862052678410919718e-07,-1.034932435739233277e-02,-1.135416932272559294e-06,9.999464443079049136e-01,-4.111804371427563720e-01,-3.366533109027855114e-06,3.911673715147078599e-06,6.649219497951445179e-01,-2.636861178381713078e-01,6.295990747676239707e-06,-4.111796662977371120e-01,5.004296654844715071e-06,-6.081867961566354485e-06,6.649204902025153130e-01,-2.636854291073383316e-01,-6.740175536822419494e-06,0.000000000000000000e+00,0.000000000000000000e+00,0.000000000000000000e+00,4.979999999999999982e-01,2.999999999999999889e-01,0.000000000000000000e+00,5.010000000000000009e-01,0.000000000000000000e+00,0.000000000000000000e+00,0.000000000000000000e+00,4.979999999999999982e-01,-2.999999999999999889e-01,0.000000000000000000e+00,5.010000000000000009e-01,0.000000000000000000e+00,0.000000000000000000e+00,0.000000000000000000e+00
-7.652372780609188740e-02,1.194313118299359536e-07,1.071571282160345362e+00,-8.898618768521398988e-08,-1.335017592943298255e-02,-1.214202905367008374e-06,9.999108824296149001e-01,-3.800283010921523541e-01,-3.111475504244756797e-06,3.615314791540198975e-06,6.183338086529377442e-01,-2.437085481983531088e-01,5.818989551539909390e-06,-3.800275886484254517e-01,4.625157678018391831e-06,-5.621089283725838246e-06,6.183324596429725650e-01,-2.437079116476207619e-01,-6.229521706141399439e-06,0.000000000000000000e+00,0.000000000000000000e+00,0.000000000000000000e+00,4.979999999999999982e-01,2.999999999999999334e-01,0.000000000000000000e+00,5.010000000000000009e-01,0.000000000000000000e+00,0.000000000000000000e+00,0.000000000000000000e+00,4.979999999999999982e-01,-2.999999999999999334e-01,0.000000000000000000e+00,5.010000000000000009e-01,0.000000000000000000e+00,0.000000000000000000e+00,0.000000000000000000e+00
-7.701945172169410991e-02,1.280022789735899527e-07,1.072034055340964631e+00,1.259171009775396121e-08,-1.635090726455597221e-02,-1.292400339729068963e-06,9.998663149791353622e-01,-3.488761650415482807e-01,-2.856417899461658479e-06,3.318955867933319351e-06,5.717456675107308595e-01,-2.237309785585349098e-01,5.341988355403578226e-06,-3.488755109991137915e-01,4.246018701192068591e-06,-5.160310605885322007e-06,5.717444290834298171e-01,-2.237303941879032476e-01,-5.718867875460378537e-06,0.000000000000000000e+00,0.000000000000000000e+00,0.000000000000000000e+00,4.979999999999999982e-01,2.999999999999999889e-01,0.000000000000000000e+00,5.010000000000000009e-01,0.000000000000000000e+00,0.000000000000000000e+00,0.000000000000000000e+00,4.979999999999999982e-01,-2.999999999999999889e-01,0.000000000000000000e+00,5.010000000000000009e-01,0.000000000000000000e+00,0.000000000000000000e+00,0.000000000000000000e+00
-7.751517563729631854e-02,1.365732461172420460e-07,1.068329763340547078e+00,1.191031367196381413e-07,-1.935149133701842203e-02,-1.369943030321744224e-06,9.998127423578589967e-01,-3.177240289909442628e-01,-2.601360294678560161e-06,3.022596944326439727e-06,5.251575263685239747e-01,-2.037534089187166553e-01,4.864987159267246214e-06,-3.177234333498020757e-01,3.866879724365743657e-06,-4.699531928044805768e-06,5.251563985238870691e-01,-2.037528767281856779e-01,-5.208214044779358483e-06,0.000000000000000000e+00,0.000000000000000000e+00,0.000000000000000000e+00,4.979999999999999982e-01,2.999999999999999889e-01,0.000000000000000000e+00,5.010000000000000009e-01,0.000000000000000000e+00,0.000000000000000000e+00,0.000000000000000000e+00,4.979999999999999982e-01,-2.999999999999999889e-01,0.000000000000000000e+00,5.010000000000000009e-01,0.000000000000000000e+00,0.000000000000000000e+00,0.000000000000000000e+00
-7.801089955289849942e-02,1.451442132608923393e-07,1.060821911496652836e+00,2.301142230676949063e-07,-2.235190112245703103e-02,-1.446897162004322139e-06,9.997501650482811808e-01,-2.865718929403402448e-01,-2.346302689895461844e-06,2.726238020719559680e-06,4.785693852263170900e-01,-1.837758392788984008e-01,4.387985963130914203e-06,-2.865713557004903045e-01,3.487740747539419570e-06,-4.238753250204287835e-06,4.785683679643442656e-01,-1.837753592684681359e-01,-4.697560214098336734e-06,0.000000000000000000e+00,0.000000000000000000e+00,0.000000000000000000e+00,4.979999999999999982e-01,2.999999999999999889e-01,0.000000000000000000e+00,5.010000000000000009e-01,0.000000000000000000e+00,0.000000000000000000e+00,0.000000000000000000e+00,4.979999999999999982e-01,-2.999999999999999889e-01,0.000000000000000000e+00,5.010000000000000009e-01,0.000000000000000000e+00,0.000000000000000000e+00,0.000000000000000000e+00
-7.850662346850068030e-02,1.537151804045408327e-07,1.049453557057517861e+00,3.456892807384496788e-07,-2.535210959805196326e-02,-1.523263034845728560e-06,9.996785836139976400e-01,-2.554197568897362269e-01,-2.091245085112363950e-06,2.429879097112680903e-06,4.319812440841103163e-01,-1.637982696390802018e-01,3.910984766994583886e-06,-2.554192780511786998e-01,3.108601770713096330e-06,-3.777974572363772443e-06,4.319803374048015732e-01,-1.637978418087505939e-01,-4.186906383417318373e-06,0.000000000000000000e+00,0.000000000000000000e+00,0.000000000000000000e+00,4.979999999999999982e-01,2.999999999999999889e-01,0.000000000000000000e+00,5.010000000000000009e-01,0.000000000000000000e+00,0.000000000000000000e+00,0.000000000000000000e+00,4.979999999999999982e-01,-2.999999999999999889e-01,0.000000000000000000e+00,5.010000000000000009e-01,0.000000000000000000e+00,0.000000000000000000e+00,0.000000000000000000e+00
-7.900234738410283342e-02,1.622861475481874203e-07,1.033975080189110107e+00,4.661202307414505896e-07,-2.835208974278401878e-02,-1.599014439729676987e-06,9.995979986996987865e-01,-2.242676208391322090e-01,-1.836187480329265844e-06,2.133520173505800856e-06,3.853931029419034870e-01,-1.438206999992619473e-01,3.433983570858252298e-06,-2.242672004018669840e-01,2.729462793886772243e-06,-3.317195894523255781e-06,3.853923068452588252e-01,-1.438203243490330518e-01,-3.676252552736297048e-06,0.000000000000000000e+00,0.000000000000000000e+00,0.000000000000000000e+00,4.979999999999999982e-01,2.999999999999999889e-01,0.000000000000000000e+00,5.010000000000000009e-01,0.000000000000000000e+00,0.000000000000000000e+00,0.000000000000000000e+00,4.979999999999999982e-01,-2.999999999999999889e-01,0.000000000000000000e+00,5.010000000000000009e-01,0.000000000000000000e+00,0.000000000000000000e+00,0.000000000000000000e+00
-7.949807129970495878e-02,1.708571146918322874e-07,1.014817853271675618e+00,5.908943341683116051e-07,-3.135181453773389082e-02,-1.674223377903916491e-06,9.995084110311626135e-01,-1.931154847885281634e-01,-1.581129875546167527e-06,1.837161249898921232e-06,3.388049617996966023e-01,-1.238431303594437066e-01,2.956982374721920286e-06,-1.931151227525552683e-01,2.350323817060448156e-06,-2.856417216682739118e-06,3.388042762857160217e-01,-1.238428068893154960e-01,-3.165598722055276146e-06,0.000000000000000000e+00,0.000000000000000000e+00,0.000000000000000000e+00,4.979999999999999982e-01,2.999999999999999889e-01,0.000000000000000000e+00,5.010000000000000009e-01,0.000000000000000000e+00,0.000000000000000000e+00,0.000000000000000000e+00,4.979999999999999982e-01,-2.999999999999999889e-01,0.000000000000000000e+00,5.010000000000000009e-01,0.000000000000000000e+00,0.000000000000000000e+00,0.000000000000000000e+00
-7.999379521530708415e-02,1.794280818354752750e-07,9.914935614183367774e-01,7.205858056533131227e-07,-3.435125696622322311e-02,-1.748830213792617965e-06,9.994098214152505877e-01,-1.619633487379241454e-01,-1.326072270763069421e-06,1.540802326292041819e-06,2.922168206574898286e-01,-1.038655607196254799e-01,2.479981178585589546e-06,-1.619630451032436080e-01,1.971184840234124917e-06,-2.395638538842222879e-06,2.922162457261733293e-01,-1.038652894295979817e-01,-2.654944891374256515e-06,0.000000000000000000e+00,0.000000000000000000e+00,0.000000000000000000e+00,4.979999999999999982e-01,2.999999999999999889e-01,0.000000000000000000e+00,5.010000000000000009e-01,0.000000000000000000e+00,0.000000000000000000e+00,0.000000000000000000e+00,4.979999999999999982e-01,-2.999999999999999889e-01,0.000000000000000000e+00,5.010000000000000009e-01,0.000000000000000000e+00,0.000000000000000000e+00,0.000000000000000000e+00
-8.048951913090919563e-02,1.879990489791164893e-07,9.643657094763886661e-01,8.547626123952431071e-07,-3.735039001417138349e-02,-1.822896229760631487e-06,9.993022307398977677e-01,-1.308112126873201275e-01,-1.071014665979971315e-06,1.244443402685162196e-06,2.456286795152829716e-01,-8.388799107980725311e-02,2.002979982449257958e-06,-1.308109674539319200e-01,1.592045863407801041e-06,-1.934859861001706640e-06,2.456282151666306091e-01,-8.388777196988043972e-02,-2.144291060693236460e-06,0.000000000000000000e+00,0.000000000000000000e+00,0.000000000000000000e+00,4.979999999999999982e-01,2.999999999999999889e-01,0.000000000000000000e+00,5.010000000000000009e-01,0.000000000000000000e+00,0.000000000000000000e+00,0.000000000000000000e+00,4.979999999999999982e-01,-2.999999999999999889e-01,0.000000000000000000e+00,5.010000000000000009e-01,0.000000000000000000e+00,0.000000000000000000e+00,0.000000000000000000e+00
-8.098524304651129324e-02,1.965700161227559565e-07,9.333773551843328464e-01,9.934896949900209888e-07,-4.034918667025720607e-02,-1.896422480616293106e-06,9.991856399741068095e-01,-9.965907663671606798e-02,-8.159570611968728917e-07,9.480844790782823599e-07,1.990405383730760869e-01,-6.391042143998899860e-02,1.525978786312925946e-06,-9.965888980462020430e-02,1.212906886581476954e-06,-1.474081183161189554e-06,1.990401846070878333e-01,-6.391025451016288383e-02,-1.633637230012215346e-06,0.000000000000000000e+00,0.000000000000000000e+00,0.000000000000000000e+00,4.979999999999999982e-01,2.999999999999999889e-01,0.000000000000000000e+00,5.010000000000000009e-01,0.000000000000000000e+00,0.000000000000000000e+00,0.000000000000000000e+00,4.979999999999999982e-01,-2.999999999999999889e-01,0.000000000000000000e+00,5.010000000000000009e-01,0.000000000000000000e+00,0.000000000000000000e+00,0.000000000000000000e+00
-8.148096696211339085e-02,2.051409832663935179e-07,8.982788782178711129e-01,1.137059423785217929e-06,-4.334761992617645887e-02,-1.969386087095489599e-06,9.990600501679387513e-01,-6.850694058611200843e-02,-5.608994564137744683e-07,6.517255554714025242e-07,1.524523972308692021e-01,-4.393285180017074409e-02,1.048977590176594358e-06,-6.850681215530848855e-02,8.337679097551529733e-07,-1.013302505320672892e-06,1.524521540475450576e-01,-4.393273705044532101e-02,-1.122983399331194656e-06,0.000000000000000000e+00,0.000000000000000000e+00,0.000000000000000000e+00,4.979999999999999982e-01,2.999999999999999889e-01,0.000000000000000000e+00,5.010000000000000009e-01,0.000000000000000000e+00,0.000000000000000000e+00,0.000000000000000000e+00,4.979999999999999982e-01,-2.999999999999999889e-01,0.000000000000000000e+00,5.010000000000000009e-01,0.000000000000000000e+00,0.000000000000000000e+00,0.000000000000000000e+00
-8.197669087771547458e-02,2.137119504100294381e-07,8.595016512023826438e-01,1.284960602277565285e-06,-4.634566277694238123e-02,-2.041853238007372022e-06,9.989254624525024662e-01,-3.735480453550804603e-02,-3.058418516306767861e-07,3.553666318645234297e-07,1.058642560886624562e-01,-2.395528216035254510e-02,5.719763940402638294e-07,-3.735473450599686301e-02,4.546289329288297863e-07,-5.525238274801571823e-07,1.058641234880023929e-01,-2.395521959072782064e-02,-6.123295686501752367e-07,0.000000000000000000e+00,0.000000000000000000e+00,0.000000000000000000e+00,4.979999999999999982e-01,2.999999999999999889e-01,0.000000000000000000e+00,5.010000000000000009e-01,0.000000000000000000e+00,0.000000000000000000e+00,0.000000000000000000e+00,4.979999999999999982e-01,-2.999999999999999889e-01,0.000000000000000000e+00,5.010000000000000009e-01,0.000000000000000000e+00,0.000000000000000000e+00,0.000000000000000000e+00
-8.247241479331754443e-02,2.222829175536633731e-07,8.165573594961234027e-01,1.437767610502969701e-06,-4.934328822102401063e-02,-2.113770814867092589e-06,9.987818780399461138e-01,-6.202668484904338628e-03,-5.078424684758123465e-08,5.900770825764682338e-08,5.927611494645608492e-02,-3.977712520534514365e-03,9.497519790393727086e-08,-6.202656856685494213e-03,7.548995610250990808e-08,-9.174514963964546976e-08,5.927609292846013761e-02,-3.977702131010485073e-03,-1.016757379691601053e-07,0.000000000000000000e+00,0.000000000000000000e+00,0.000000000000000000e+00,4.979999999999999982e-01,2.999999999999999889e-01,0.000000000000000000e+00,5.010000000000000009e-01,0.000000000000000000e+00,0.000000000000000000e+00,0.000000000000000000e+00,4.979999999999999982e-01,-2.999999999999999889e-01,0.000000000000000000e+00,5.010000000000000009e-01,0.000000000000000000e+00,0.000000000000000000e+00,0.000000000000000000e+00
-8.296813870892004450e-02,2.308538846972527331e-07,7.698095074561160933e-01,1.595049551535528367e-06,-5.234046544271739321e-02,-2.185195101839319623e-06,9.986292984235544123e-01,-1.759938416234802239e-01,6.046061726084834415e-02,-2.987741422143443473e-02,3.206978557234900773e-01,-4.086632728150749183e-02,-6.799280993805537077e-02,-1.760023815815022208e-01,-6.046471023191201527e-02,2.988935387224811099e-02,3.207158577541973643e-01,-4.087649138116809105e-02,6.799496727707915467e-02,0.000000000000000000e+00,0.000000000000000000e+00,0.000000000000000000e+00,4.979999999999999982e-01,2.999999999999999889e-01,0.000000000000000000e+00,5.010000000000000009e-01,0.000000000000000000e+00,0.000000000000000000e+00,0.000000000000000000e+00,4.979999999999999982e-01,-2.999999999999999889e-01,0.000000000000000000e+00,5.010000000000000009e-01,0.000000000000000000e+00,0.000000000000000000e+00,0.000000000000000000e+00
-8.346386262452454297e-02,2.394248518406397845e-07,7.205522136938787847e-01,1.755277156927816265e-06,-5.533715338192937011e-02,-2.256290894042971785e-06,9.984677257915816062e-01,-4.096486355265704926e-01,5.468918690653645082e-02,-4.654909440983677482e-02,8.088780939615479726e-01,-2.897438452372270157e-01,-7.296588078373363040e-02,-4.096531789304226345e-01,-5.469094335377022720e-02,4.656212971703423131e-02,8.088876032781580072e-01,-2.897495105588931974e-01,7.296821621615906528e-02,0.000000000000000000e+00,0.000000000000000000e+00,0.000000000000000000e+00,4.979999999999999982e-01,2.999999999999999889e-01,0.000000000000000000e+00,5.010000000000000009e-01,0.000000000000000000e+00,0.000000000000000000e+00,0.000000000000000000e+00,4.979999999999999982e-01,-2.999999999999999889e-01,0.000000000000000000e+00,5.010000000000000009e-01,0.000000000000000000e+00,0.000000000000000000e+00,0.000000000000000000e+00
-8.420706768775008955e-02,2.476081572404037428e-07,6.750482353735524077e-01,1.838792585106113293e-06,-5.667486657849866299e-02,-1.813460745377053212e-06,9.983926880199192055e-01,-5.848888983887640114e-01,4.986940822905674281e-02,-5.999442696540750047e-02,1.164002938418849942e+00,-4.671885045676675841e-01,-7.832636801231014634e-02,-5.848907738200372908e-01,-4.987094383618162485e-02,6.000704847248904128e-02,1.164007949889680482e+00,-4.671922706322882979e-01,7.832903496678031430e-02,0.000000000000000000e+00,0.000000000000000000e+00,0.000000000000000000e+00,4.979999999999999982e-01,2.999999999999999889e-01,0.000000000000000000e+00,5.010000000000000009e-01,0.000000000000000000e+00,0.000000000000000000e+00,0.000000000000000000e+00,4.979999999999999982e-01,-2.999999999999999889e-01,0.000000000000000000e+00,5.010000000000000009e-01,0.000000000000000000e+00,0.000000000000000000e+00,0.000000000000000000e+00
-8.519617222726318106e-02,2.554062784730102301e-07,6.332735847631532078e-01,1.846097564520392318e-06,-5.636457120339965349e-02,-8.600041238827241087e-07,9.984102539081363137e-01,-7.020879620379489872e-01,4.599519914825393740e-02,-7.023403172772597902e-02,1.386922756503734311e+00,-5.736568382485571771e-01,-8.407179561543898227e-02,-7.020884895871657427e-01,-4.599861607749110293e-02,7.024473962524621640e-02,1.386927239465587824e+00,-5.736612879633399276e-01,8.407494654002252432e-02,0.000000000000000000e+00,0.000000000000000000e+00,0.000000000000000000e+00,4.979999999999999982e-01,2.999999999999999889e-01,0.000000000000000000e+00,5.010000000000000009e-01,0.000000000000000000e+00,0.000000000000000000e+00,0.000000000000000000e+00,4.979999999999999982e-01,-2.999999999999999889e-01,0.000000000000000000e+00,5.010000000000000009e-01,0.000000000000000000e+00,0.000000000000000000e+00,0.000000000000000000e+00
-8.652381471011862113e-02,2.624988281022368354e-07,5.976916711735812404e-01,1.766138794225938446e-06,-5.382890104026618466e-02,3.737322083135649941e-07,9.985501737066286854e-01,-7.975039242395421946e-01,4.209812999429891206e-02,-7.937063963634720387e-02,1.549588475323208314e+00,-6.460343245335592455e-01,-9.005368875657263072e-02,-7.975027699386803004e-01,-4.210509658857782000e-02,7.937940596792761316e-02,1.549592746008321420e+00,-6.460401306684950828e-01,9.005742545672482113e-02,0.000000000000000000e+00,0.000000000000000000e+00,0.000000000000000000e+00,4.979999999999999982e-01,2.999999999999999889e-01,0.000000000000000000e+00,5.010000000000000009e-01,0.000000000000000000e+00,0.000000000000000000e+00,0.000000000000000000e+00,4.979999999999999982e-01,-2.999999999999999889e-01,0.000000000000000000e+00,5.010000000000000009e-01,0.000000000000000000e+00,0.000000000000000000e+00,0.000000000000000000e+00
-8.796223464511648826e-02,2.692867170007793236e-07,5.645483606467576188e-01,1.663641668075198317e-06,-5.054127042629974476e-02,1.631160572606127949e-06,9.987219733130273669e-01,-8.859917020509274765e-01,3.817422761509902535e-02,-8.810538240917252517e-02,1.692719463715839812e+00,-7.072815233629318188e-01,-9.605550354095583609e-02,-8.859888173020207258e-01,-3.818505205410853420e-02,8.811237613999962914e-02,1.692723620666572781e+00,-7.072888475993985846e-01,9.605983643020384044e-02,0.000000000000000000e+00,0.000000000000000000e+00,0.000000000000000000e+00,4.979999999999999982e-01,2.999999999999999889e-01,0.000000000000000000e+00,5.010000000000000009e-01,0.000000000000000000e+00,0.000000000000000000e+00,0.000000000000000000e+00,4.979999999999999982e-01,-2.999999999999999889e-01,0.000000000000000000e+00,5.010000000000000009e-01,0.000000000000000000e+00,0.000000000000000000e+00,0.000000000000000000e+00
-8.962268075374321685e-02,2.752034987130374297e-07,5.377479142876235851e-01,1.537264444700976161e-06,-4.566418306528933352e-02,2.695907545409011504e-06,9.989568471036918140e-01,-9.612988692017768733e-01,3.412821810351700930e-02,-9.589014754036689903e-02,1.797339762853824352e+00,-7.463091562058126183e-01,-1.018943967144864821e-01,-9.612943708510834906e-01,-3.414267869945732808e-02,9.589633615904376296e-02,1.797343986146744177e+00,-7.463181161817600273e-01,1.018992658158357628e-01,0.000000000000000000e+00,0.000000000000000000e+00,0.000000000000000000e+00,4.979999999999999982e-01,2.999999999999999889e-01,0.000000000000000000e+00,5.010000000000000009e-01,0.000000000000000000e+00,0.000000000000000000e+00,0.000000000000000000e+00,4.979999999999999982e-01,-2.999999999999999889e-01,0.000000000000000000e+00,5.010000000000000009e-01,0.000000000000000000e+00,0.000000000000000000e+00,0.000000000000000000e+00
-9.131654217304553678e-02,2.805844209325705508e-07,5.145337581807711835e-01,1.427363823007543929e-06,-4.031932389867132899e-02,3.456208696396096573e-06,9.991868454430189450e-01,-1.029850424625798677e+00,3.015868614645251383e-02,-1.029407452154601083e-01,1.885161769117209341e+00,-7.761978433023618562e-01,-1.073330480803365572e-01,-1.029844670756128844e+00,-3.017572069350486774e-02,1.029466739438465867e-01,1.885166086807017471e+00,-7.762081275933313540e-01,1.073383337235878088e-01,0.000000000000000000e+00,0.000000000000000000e+00,0.000000000000000000e+00,4.979999999999999982e-01,2.999999999999999889e-01,0.000000000000000000e+00,5.010000000000000009e-01,0.000000000000000000e+00,0.000000000000000000e+00,0.000000000000000000e+00,4.979999999999999982e-01,-2.999999999999999889e-01,0.000000000000000000e+00,5.010000000000000009e-01,0.000000000000000000e+00,0.000000000000000000e+00,0.000000000000000000e+00
-9.304678697814550148e-02,2.853818865789646921e-07,4.952244402811092905e-01,1.335398254572557399e-06,-3.446506335453512759e-02,3.884982271037916401e-06,9.994059032200537374e-01,-1.091046309167610584e+00,2.627242477148395913e-02,-1.091919638856789637e-01,1.954693394173836030e+00,-7.961358286951065732e-01,-1.123359066372382475e-01,-1.091039689668053425e+00,-2.629087671466443996e-02,1.091982263743164067e-01,1.954697836807159916e+00,-7.961470982147337283e-01,1.123414785226294343e-01,0.000000000000000000e+00,0.000000000000000000e+00,0.000000000000000000e+00,4.979999999999999982e-01,2.999999999999999889e-01,0.000000000000000000e+00,5.010000000000000009e-01,0.000000000000000000e+00,0.000000000000000000e+00,0.000000000000000000e+00,4.979999999999999982e-01,-2.999999999999999889e-01,0.000000000000000000e+00,5.010000000000000009e-01,0.000000000000000000e+00,0.000000000000000000e+00,0.000000000000000000e+00
-9.465507285791585623e-02,2.893878629512963497e-07,4.816717356802555638e-01,1.284768020527799994e-06,-2.843478434257118437e-02,3.727780596422379792e-06,9.995956497623649240e-01,-1.140184715153641726e+00,2.294639763293686296e-02,-1.138474582195479756e-01,2.001130726009305860e+00,-8.053718000439880065e-01,-1.161768181968724500e-01,-1.140178045731145895e+00,-2.296395834814290299e-02,1.138544042660702693e-01,2.001135178359290112e+00,-8.053831258565853357e-01,1.161824199675873248e-01,0.000000000000000000e+00,0.000000000000000000e+00,0.000000000000000000e+00,4.979999999999999982e-01,2.999999999999999889e-01,0.000000000000000000e+00,5.010000000000000009e-01,0.000000000000000000e+00,0.000000000000000000e+00,0.000000000000000000e+00,4.979999999999999982e-01,-2.999999999999999889e-01,0.000000000000000000e+00,5.010000000000000009e-01,0.000000000000000000e+00,0.000000000000000000e+00,0.000000000000000000e+00
-9.618483273497129005e-02,2.931144488493250686e-07,4.703586408156604781e-01,1.248771941759186715e-06,-2.240101372951096639e-02,3.355534395269273719e-06,9.997490658015496523e-01,-1.184335168896013313e+00,1.991334585552755054e-02,-1.178331097124337978e-01,2.038907530872282159e+00,-8.109408855231587943e-01,-1.195029372420583630e-01,-1.184328756390020443e+00,-1.992916098664363270e-02,1.178408032601752364e-01,2.038911931824098911e+00,-8.109518991166491109e-01,1.195084723704345903e-01,0.000000000000000000e+00,0.000000000000000000e+00,0.000000000000000000e+00,4.979999999999999982e-01,2.999999999999999889e-01,0.000000000000000000e+00,5.010000000000000009e-01,0.000000000000000000e+00,0.000000000000000000e+00,0.000000000000000000e+00,4.979999999999999982e-01,-2.999999999999999889e-01,0.000000000000000000e+00,5.010000000000000009e-01,0.000000000000000000e+00,0.000000000000000000e+00,0.000000000000000000e+00
-9.738794307535955652e-02,2.962596954323722421e-07,4.646608002756392741e-01,1.243620267042735966e-06,-1.663410142146480933e-02,2.498688179314470195e-06,9.998616437598306650e-01,-1.214739509689265695e+00,1.792808545695312450e-02,-1.199345903118623075e-01,2.056324390300377836e+00,-8.093902807116822862e-01,-1.212763859405595335e-01,-1.214734079532346689e+00,-1.794019586656217871e-02,1.199428904401216717e-01,2.056328518622724477e+00,-8.094000284486226882e-01,1.212816258025958410e-01,0.000000000000000000e+00,0.000000000000000000e+00,0.000000000000000000e+00,4.979999999999999982e-01,2.999999999999999889e-01,0.000000000000000000e+00,5.010000000000000009e-01,0.000000000000000000e+00,0.000000000000000000e+00,0.000000000000000000e+00,4.979999999999999982e-01,-2.999999999999999889e-01,0.000000000000000000e+00,5.010000000000000009e-01,0.000000000000000000e+00,0.000000000000000000e+00,0.000000000000000000e+00
-9.832910805796757359e-02,2.992679618627228240e-07,4.614943430237677391e-01,1.244081687116783435e-06,-1.115399701449900499e-02,1.510131907359371482e-06,9.999377922384833361e-01,-1.237992946877307210e+00,1.660280529136341429e-02,-1.211145293728832922e-01,2.065162479011519281e+00,-8.058675673160421438e-01,-1.222448147480387909e-01,-1.237988689315431490e+00,-1.661070115025495633e-02,1.211233044188136515e-01,2.065166235379075399e+00,-8.058757599755349554e-01,1.222496917779205827e-01,0.000000000000000000e+00,0.000000000000000000e+00,0.000000000000000000e+00,4.979999999999999982e-01,2.999999999999999889e-01,0.000000000000000000e+00,5.010000000000000009e-01,0.000000000000000000e+00,0.000000000000000000e+00,0.000000000000000000e+00,4.979999999999999982e-01,-2.999999999999999889e-01,0.000000000000000000e+00,5.010000000000000009e-01,0.000000000000000000e+00,0.000000000000000000e+00,0.000000000000000000e+00
-9.895761773553808649e-02,3.021127301811451427e-07,4.613493190235866126e-01,1.251257063416004545e-06,-6.016564037208580254e-03,3.644234339531715647e-07,9.999819003139446272e-01,-1.252711138520526513e+00,1.606527079460761884e-02,-1.211945258610062082e-01,2.063761034569314479e+00,-7.999909652461615339e-01,-1.222523800314549852e-01,-1.252708280629341253e+00,-1.606834357584048176e-02,1.212036186731774851e-01,2.063764300428391429e+00,-7.999972576170959471e-01,1.222568135833156655e-01,0.000000000000000000e+00,0.000000000000000000e+00,0.000000000000000000e+00,4.979999999999999982e-01,2.999999999999999889e-01,0.000000000000000000e+00,5.010000000000000009e-01,0.000000000000000000e+00,0.000000000000000000e+00,0.000000000000000000e+00,4.979999999999999982e-01,-2.999999999999999889e-01,0.000000000000000000e+00,5.010000000000000009e-01,0.000000000000000000e+00,0.000000000000000000e+00,0.000000000000000000e+00
-9.902240984286513059e-02,3.050024692408809775e-07,4.648077546199638754e-01,1.254870287142923411e-06,-1.502471516584927193e-03,-8.046725923066833108e-07,9.999988712879228636e-01,-1.256082948669999810e+00,1.658994969495443741e-02,-1.199746587670424552e-01,2.050562609352585941e+00,-7.924700841973824073e-01,-1.211163544655637636e-01,-1.256081491729799549e+00,-1.658818960926231392e-02,1.199839895816325192e-01,2.050565318564424366e+00,-7.924744173248303714e-01,1.211203180331581475e-01,0.000000000000000000e+00,0.000000000000000000e+00,0.000000000000000000e+00,4.979999999999999982e-01,2.999999999999999889e-01,0.000000000000000000e+00,5.010000000000000009e-01,0.000000000000000000e+00,0.000000000000000000e+00,0.000000000000000000e+00,4.979999999999999982e-01,-2.999999999999999889e-01,0.000000000000000000e+00,5.010000000000000009e-01,0.000000000000000000e+00,0.000000000000000000e+00,0.000000000000000000e+00
-9.884393165895072331e-02,3.079216653291440051e-07,4.696746816358970955e-01,1.256131896913872113e-06,2.745130660995923500e-03,-1.963880548662390892e-06,9.999962321190112302e-01,-1.254924345371573269e+00,1.752349727296553458e-02,-1.182580452665755039e-01,2.032743802040423819e+00,-7.843459912058546868e-01,-1.195495200411471753e-01,-1.254924261820149711e+00,-1.751698277531233902e-02,1.182676048264009044e-01,2.032745941597084993e+00,-7.843483837581773921e-01,1.195530109413274061e-01,0.000000000000000000e+00,0.000000000000000000e+00,0.000000000000000000e+00,4.979999999999999982e-01,2.999999999999999889e-01,0.000000000000000000e+00,5.010000000000000009e-01,0.000000000000000000e+00,0.000000000000000000e+00,0.000000000000000000e+00,4.979999999999999982e-01,-2.999999999999999889e-01,0.000000000000000000e+00,5.010000000000000009e-01,0.000000000000000000e+00,0.000000000000000000e+00,0.000000000000000000e+00
-9.795211284006102859e-02,3.109813838664874248e-07,4.778820705854029960e-01,1.246219845009126269e-06,6.224900563469808364e-03,-2.986565655001236618e-06,9.999806251135581192e-01,-1.242453499984493615e+00,1.938914458900705892e-02,-1.154307349073745576e-01,2.003911865514636403e+00,-7.750261845634039970e-01,-1.170572483284421511e-01,-1.242454557530531467e+00,-1.937855117633817403e-02,1.154406316443823133e-01,2.003913480963938731e+00,-7.750269289294604569e-01,1.170603058646707550e-01,0.000000000000000000e+00,0.000000000000000000e+00,0.000000000000000000e+00,4.979999999999999982e-01,2.999999999999999889e-01,0.000000000000000000e+00,5.010000000000000009e-01,0.000000000000000000e+00,0.000000000000000000e+00,0.000000000000000000e+00,4.979999999999999982e-01,-2.999999999999999889e-01,0.000000000000000000e+00,5.010000000000000009e-01,0.000000000000000000e+00,0.000000000000000000e+00,0.000000000000000000e+00
-9.670606180526465645e-02,3.140597098715214086e-07,4.873646635124819770e-01,1.230225927102166594e-06,9.334291534805579799e-03,-3.901552910078451041e-06,9.999564345434293067e-01,-1.225425525378891711e+00,2.153676184599071300e-02,-1.122360800771911860e-01,1.970633000767885390e+00,-7.650829781861860912e-01,-1.143016464151205974e-01,-1.225427569623352309e+00,-2.152258776835919499e-02,1.122464091074766440e-01,1.970634149667914059e+00,-7.650822941328462301e-01,1.143043065023956334e-01,0.000000000000000000e+00,0.000000000000000000e+00,0.000000000000000000e+00,4.979999999999999982e-01,2.999999999999999889e-01,0.000000000000000000e+00,5.010000000000000009e-01,0.000000000000000000e+00,0.000000000000000000e+00,0.000000000000000000e+00,4.979999999999999982e-01,-2.999999999999999889e-01,0.000000000000000000e+00,5.010000000000000009e-01,0.000000000000000000e+00,0.000000000000000000e+00,0.000000000000000000e+00
-9.499617206468242980e-02,3.171624008646732950e-07,4.985170338793585287e-01,1.206277742922549681e-06,1.195872354433344734e-02,-4.675533747458064491e-06,9.999284918972328740e-01,-1.202430355177010801e+00,2.405359614931882814e-02,-1.085604170937489316e-01,1.931531239801899114e+00,-7.543234798028285448e-01,-1.112012347020024106e-01,-1.202433183946723716e+00,-2.403649382524955525e-02,1.085713029642182831e-01,1.931531997520355093e+00,-7.543216550972007273e-01,1.112035443681363284e-01,0.000000000000000000e+00,0.000000000000000000e+00,0.000000000000000000e+00,4.979999999999999982e-01,2.999999999999999889e-01,0.000000000000000000e+00,5.010000000000000009e-01,0.000000000000000000e+00,0.000000000000000000e+00,0.000000000000000000e+00,4.979999999999999982e-01,-2.999999999999999889e-01,0.000000000000000000e+00,5.010000000000000009e-01,0.000000000000000000e+00,0.000000000000000000e+00,0.000000000000000000e+00
-9.268866225653800417e-02,3.201163072084668069e-07,5.113514800853533604e-01,1.172909227361844786e-06,1.396956915452564167e-02,-5.240586217936566593e-06,9.999024207935479636e-01,-1.173060579635271994e+00,2.679448271726350694e-02,-1.044923778448360874e-01,1.885853255302433418e+00,-7.421291360100380485e-01,-1.079090493880426188e-01,-1.173063932322475633e+00,-2.677540065166419958e-02,1.045039515699564547e-01,1.885853739131415852e+00,-7.421265608320848362e-01,1.079110791862972624e-01,0.000000000000000000e+00,0.000000000000000000e+00,0.000000000000000000e+00,4.979999999999999982e-01,2.999999999999999889e-01,0.000000000000000000e+00,5.010000000000000009e-01,0.000000000000000000e+00,0.000000000000000000e+00,0.000000000000000000e+00,4.979999999999999982e-01,-2.999999999999999889e-01,0.000000000000000000e+00,5.010000000000000009e-01,0.000000000000000000e+00,0.000000000000000000e+00,0.000000000000000000e+00
-9.013058723015425489e-02,3.229832674176935888e-07,5.248521630370105440e-01,1.135707121477424280e-06,1.572302665231178898e-02,-5.717348480741014894e-06,9.998763855591914496e-01,-1.141115212303431381e+00,2.960911290740383603e-02,-1.002774526213890127e-01,1.837462257024220946e+00,-7.292787701172691595e-01,-1.045562428840909747e-01,-1.141118982255039382e+00,-2.958845050831691859e-02,1.002897588809455454e-01,1.837462515710654554e+00,-7.292756046428335859e-01,1.045580225074853598e-01,0.000000000000000000e+00,0.000000000000000000e+00,0.000000000000000000e+00,4.979999999999999982e-01,2.999999999999999889e-01,0.000000000000000000e+00,5.010000000000000009e-01,0.000000000000000000e+00,0.000000000000000000e+00,0.000000000000000000e+00,4.979999999999999982e-01,-2.999999999999999889e-01,0.000000000000000000e+00,5.010000000000000009e-01,0.000000000000000000e+00,0.000000000000000000e+00,0.000000000000000000e+00
-8.691627605927648714e-02,3.254204740842958029e-07,5.397768881177430478e-01,1.089436021021853039e-06,1.680156483511290391e-02,-5.957269436433063593e-06,9.998588437286614061e-01,-1.103222931762530168e+00,3.245077986541999859e-02,-9.582280102695436841e-02,1.782329435723206013e+00,-7.142625798355703992e-01,-1.012073863872146734e-01,-1.103226861137779347e+00,-3.242959739358987348e-02,9.583587252776028242e-02,1.782329593396993594e+00,-7.142592154766030932e-01,1.012089945238617283e-01,0.000000000000000000e+00,0.000000000000000000e+00,0.000000000000000000e+00,4.979999999999999982e-01,2.999999999999999889e-01,0.000000000000000000e+00,5.010000000000000009e-01,0.000000000000000000e+00,0.000000000000000000e+00,0.000000000000000000e+00,4.979999999999999982e-01,-2.999999999999999889e-01,0.000000000000000000e+00,5.010000000000000009e-01,0.000000000000000000e+00,0.000000000000000000e+00,0.000000000000000000e+00
-8.345029111685367540e-02,3.275660914326949448e-07,5.550942858214591435e-01,1.040082824634004327e-06,1.761291594720517523e-02,-6.106570690335299993e-06,9.998448805457098576e-01,-1.063329444625737752e+00,3.523487453241720690e-02,-9.133622596056403808e-02,1.724630101549853300e+00,-6.981348846957665666e-01,-9.792813630192642727e-02,-1.063333446843987451e+00,-3.521356653087668459e-02,9.135001116344899919e-02,1.724630198733397846e+00,-6.981314490741351575e-01,9.792960208791205712e-02,0.000000000000000000e+00,0.000000000000000000e+00,0.000000000000000000e+00,4.979999999999999982e-01,2.999999999999999889e-01,0.000000000000000000e+00,5.010000000000000009e-01,0.000000000000000000e+00,0.000000000000000000e+00,0.000000000000000000e+00,4.979999999999999982e-01,-2.999999999999999889e-01,0.000000000000000000e+00,5.010000000000000009e-01,0.000000000000000000e+00,0.000000000000000000e+00,0.000000000000000000e+00
-7.962235789946486841e-02,3.292923553853302949e-07,5.709764113378620332e-01,9.862983925391964790e-07,1.804002798536476562e-02,-6.125553003960016280e-06,9.998372654346266986e-01,-1.020557893275950256e+00,3.793617077631205453e-02,-8.680373969121298050e-02,1.663239699764973212e+00,-6.804086627665493214e-01,-9.474899168430846175e-02,-1.020561843819999481e+00,-3.791530466283077327e-02,8.681816447437372408e-02,1.663239794736155019e+00,-6.804053394234887975e-01,9.475035702211606625e-02,0.000000000000000000e+00,0.000000000000000000e+00,0.000000000000000000e+00,4.979999999999999982e-01,2.999999999999999889e-01,0.000000000000000000e+00,5.010000000000000009e-01,0.000000000000000000e+00,0.000000000000000000e+00,0.000000000000000000e+00,4.979999999999999982e-01,-2.999999999999999889e-01,0.000000000000000000e+00,5.010000000000000009e-01,0.000000000000000000e+00,0.000000000000000000e+00,0.000000000000000000e+00
-7.543683198046229055e-02,3.303674683296633568e-07,5.871678274711875645e-01,9.284629964778153148e-07,1.805646388143406986e-02,-6.014190501476169849e-06,9.998369687479383705e-01,-9.751767877015931063e-01,4.046647054947657973e-02,-8.230592456351079611e-02,1.597960718648365530e+00,-6.605609180808865721e-01,-9.176410973024749784e-02,-9.751805755964889633e-01,-4.044657970585323337e-02,8.232079319754073699e-02,1.597960855671119784e+00,-6.605578556953800584e-01,9.176541452925331133e-02,0.000000000000000000e+00,0.000000000000000000e+00,0.000000000000000000e+00,4.979999999999999982e-01,2.999999999999999889e-01,0.000000000000000000e+00,5.010000000000000009e-01,0.000000000000000000e+00,0.000000000000000000e+00,0.000000000000000000e+00,4.979999999999999982e-01,-2.999999999999999889e-01,0.000000000000000000e+00,5.010000000000000009e-01,0.000000000000000000e+00,0.000000000000000000e+00,0.000000000000000000e+00
-7.110196132249776979e-02,3.311485704705487173e-07,6.034666525443634910e-01,8.689372641489626275e-07,1.789708816320664114e-02,-5.847715309995598594e-06,9.998398342736338762e-01,-9.287079044427711816e-01,4.291877084153577354e-02,-7.782836195296251314e-02,1.531014617905680941e+00,-6.397730611268580558e-01,-8.886798399781459246e-02,-9.287114833533888225e-01,-4.290007660131404943e-02,7.784358183747382143e-02,1.531014814544078728e+00,-6.397703201316087274e-01,8.886924496160251985e-02,0.000000000000000000e+00,0.000000000000000000e+00,0.000000000000000000e+00,4.979999999999999982e-01,2.999999999999999889e-01,0.000000000000000000e+00,5.010000000000000009e-01,0.000000000000000000e+00,0.000000000000000000e+00,0.000000000000000000e+00,4.979999999999999982e-01,-2.999999999999999889e-01,0.000000000000000000e+00,5.010000000000000009e-01,0.000000000000000000e+00,0.000000000000000000e+00,0.000000000000000000e+00
-6.644726493968344805e-02,3.310109807568545958e-07,6.197103885633665765e-01,8.058107642467591794e-07,1.730490123886505027e-02,-5.554360683408478592e-06,9.998502589696184328e-01,-8.799366938894139789e-01,4.511777021981401570e-02,-7.346979381297114031e-02,1.459933747173481455e+00,-6.162634323136232384e-01,-8.626181790918889536e-02,-8.799399647498846733e-01,-4.510072787198214639e-02,7.348502442002037560e-02,1.459934028958956631e+00,-6.162611203605574683e-01,8.626307127875414149e-02,0.000000000000000000e+00,0.000000000000000000e+00,0.000000000000000000e+00,4.979999999999999982e-01,2.999999999999999889e-01,0.000000000000000000e+00,5.010000000000000009e-01,0.000000000000000000e+00,0.000000000000000000e+00,0.000000000000000000e+00,4.979999999999999982e-01,-2.999999999999999889e-01,0.000000000000000000e+00,5.010000000000000009e-01,0.000000000000000000e+00,0.000000000000000000e+00,0.000000000000000000e+00
-6.172106770879241811e-02,3.304883579041271095e-07,6.357672798247425705e-01,7.417651902845267045e-07,1.657208634102877789e-02,-5.223129573231785098e-06,9.998626735339579685e-01,-8.305672556874449386e-01,4.721086001773365515e-02,-6.917865294762665096e-02,1.387461416157814931e+00,-5.916713864808685885e-01,-8.378065161998281274e-02,-8.305701901388747865e-01,-4.719557127750201309e-02,6.919373581673089746e-02,1.387461783793689563e+00,-5.916695231127679921e-01,8.378190719740929993e-02,0.000000000000000000e+00,0.000000000000000000e+00,0.000000000000000000e+00,4.979999999999999982e-01,2.999999999999999889e-01,0.000000000000000000e+00,5.010000000000000009e-01,0.000000000000000000e+00,0.000000000000000000e+00,0.000000000000000000e+00,4.979999999999999982e-01,-2.999999999999999889e-01,0.000000000000000000e+00,5.010000000000000009e-01,0.000000000000000000e+00,0.000000000000000000e+00,0.000000000000000000e+00
-5.688174820562991174e-02,3.293565699189728061e-07,6.515285619554110896e-01,6.762654422813609355e-07,1.561677980009043565e-02,-4.831972910928163302e-06,9.998780506466127260e-01,-7.802513549921360481e-01,4.913638911242034640e-02,-6.499418950956173391e-02,1.312787640637986808e+00,-5.653668368654726217e-01,-8.149724887798190376e-02,-7.802539081676092003e-01,-4.912301490453362812e-02,6.500887393866112973e-02,1.312788095236995023e+00,-5.653654530011852364e-01,8.149852217125358456e-02,0.000000000000000000e+00,0.000000000000000000e+00,0.000000000000000000e+00,4.979999999999999982e-01,2.999999999999999889e-01,0.000000000000000000e+00,5.010000000000000009e-01,0.000000000000000000e+00,0.000000000000000000e+00,0.000000000000000000e+00,4.979999999999999982e-01,-2.999999999999999889e-01,0.000000000000000000e+00,5.010000000000000009e-01,0.000000000000000000e+00,0.000000000000000000e+00,0.000000000000000000e+00
-5.202585777241047760e-02,3.275573847572231452e-07,6.666811667925530704e-01,6.100791413232971517e-07,1.447244602259126905e-02,-4.394912223931234827e-06,9.998952686588910010e-01,-7.293911912455444124e-01,5.087795534354763727e-02,-6.095225645820444293e-02,1.236107855772410336e+00,-5.372113746697065872e-01,-7.944091103429221090e-02,-7.293933280438074096e-01,-5.086654235866345380e-02,6.096625413248085712e-02,1.236108385236469376e+00,-5.372104736465019847e-01,7.944221227603526225e-02,0.000000000000000000e+00,0.000000000000000000e+00,0.000000000000000000e+00,4.979999999999999982e-01,2.999999999999999889e-01,0.000000000000000000e+00,5.010000000000000009e-01,0.000000000000000000e+00,0.000000000000000000e+00,0.000000000000000000e+00,4.979999999999999982e-01,-2.999999999999999889e-01,0.000000000000000000e+00,5.010000000000000009e-01,0.000000000000000000e+00,0.000000000000000000e+00,0.000000000000000000e+00
-4.716863944634611117e-02,3.254582216717552112e-07,6.815432737619838699e-01,5.436371629998777048e-07,1.324550979744715945e-02,-3.938093897622688465e-06,9.999122743793086299e-01,-6.783098862573052612e-01,5.253643284889853576e-02,-5.697594482825171780e-02,1.158542260306208327e+00,-5.082211611396442175e-01,-7.748777580969960777e-02,-6.783115914301436344e-01,-5.252699590151919951e-02,5.698912615739322451e-02,1.158542858570339451e+00,-5.082207431929951502e-01,7.748910932751240654e-02,0.000000000000000000e+00,0.000000000000000000e+00,0.000000000000000000e+00,4.979999999999999982e-01,2.999999999999999889e-01,0.000000000000000000e+00,5.010000000000000009e-01,0.000000000000000000e+00,0.000000000000000000e+00,0.000000000000000000e+00,4.979999999999999982e-01,-2.999999999999999889e-01,0.000000000000000000e+00,5.010000000000000009e-01,0.000000000000000000e+00,0.000000000000000000e+00,0.000000000000000000e+00
-4.244411665752853557e-02,3.225810664432197534e-07,6.952757641486581042e-01,4.777231625060541708e-07,1.185718909996629628e-02,-3.449600765684660644e-06,9.999297010562891996e-01,-6.271775834481944090e-01,5.397047489794156577e-02,-5.320447072373449271e-02,1.079031641308422884e+00,-4.770034369778214933e-01,-7.582771592980418196e-02,-6.271788292141567966e-01,-5.396291512588905631e-02,5.321649961126841133e-02,1.079032278691753888e+00,-4.770034745900833539e-01,7.582908690354230041e-02,0.000000000000000000e+00,0.000000000000000000e+00,0.000000000000000000e+00,4.979999999999999982e-01,2.999999999999999889e-01,0.000000000000000000e+00,5.010000000000000009e-01,0.000000000000000000e+00,0.000000000000000000e+00,0.000000000000000000e+00,4.979999999999999982e-01,-2.999999999999999889e-01,0.000000000000000000e+00,5.010000000000000009e-01,0.000000000000000000e+00,0.000000000000000000e+00,0.000000000000000000e+00
-3.782687320633327382e-02,3.194791458453843778e-07,7.084801390562398549e-01,4.126550313447339043e-07,1.044272413578328437e-02,-2.960612569357745888e-06,9.999454732652619526e-01,-5.762816660572913641e-01,5.532941927716721053e-02,-4.951363838539431239e-02,9.991028944810603774e-01,-4.450762792820711078e-01,-7.427242219485409580e-02,-5.762824493333702502e-01,-5.532364971595851028e-02,4.952442491722398865e-02,9.991035559164618274e-01,-4.450767525605844321e-01,7.427382993242645504e-02,0.000000000000000000e+00,0.000000000000000000e+00,0.000000000000000000e+00,4.979999999999999982e-01,2.999999999999999889e-01,0.000000000000000000e+00,5.010000000000000009e-01,0.000000000000000000e+00,0.000000000000000000e+00,0.000000000000000000e+00,4.979999999999999982e-01,-2.999999999999999889e-01,0.000000000000000000e+00,5.010000000000000009e-01,0.000000000000000000e+00,0.000000000000000000e+00,0.000000000000000000e+00
-3.339673786575848152e-02,3.159852073201950142e-07,7.207634168385737006e-01,3.490629533511014517e-07,8.982678743390563533e-03,-2.470766414091441075e-06,9.999596549243207066e-01,-5.257980333612733981e-01,5.655738425790885621e-02,-4.596345501861665017e-02,9.184448822618344055e-01,-4.119117838930983488e-01,-7.289985325921929937e-02,-5.257983487703319359e-01,-5.655325323099124474e-02,4.597284237370724558e-02,9.184455414704146836e-01,-4.119126581426645894e-01,7.290129655353551341e-02,0.000000000000000000e+00,0.000000000000000000e+00,0.000000000000000000e+00,4.979999999999999982e-01,2.999999999999999889e-01,0.000000000000000000e+00,5.010000000000000009e-01,0.000000000000000000e+00,0.000000000000000000e+00,0.000000000000000000e+00,4.979999999999999982e-01,-2.999999999999999889e-01,0.000000000000000000e+00,5.010000000000000009e-01,0.000000000000000000e+00,0.000000000000000000e+00,0.000000000000000000e+00
-2.927118898599842534e-02,3.122422454668747002e-07,7.318883562394421505e-01,2.885718110615074571e-07,7.538689662972134116e-03,-2.002799994271942779e-06,9.999715836732916419e-01,-4.763004831823166585e-01,5.766116737390281077e-02,-4.257373834876172075e-02,8.377575176640288390e-01,-3.777612598684261247e-01,-7.171329257731193230e-02,-4.763003406610957779e-01,-5.765844341845605125e-02,4.258165717940851080e-02,8.377581407639891342e-01,-3.777624822889867340e-01,7.171476620975598959e-02,0.000000000000000000e+00,0.000000000000000000e+00,0.000000000000000000e+00,4.979999999999999982e-01,2.999999999999999889e-01,0.000000000000000000e+00,5.010000000000000009e-01,0.000000000000000000e+00,0.000000000000000000e+00,0.000000000000000000e+00,4.979999999999999982e-01,-2.999999999999999889e-01,0.000000000000000000e+00,5.010000000000000009e-01,0.000000000000000000e+00,0.000000000000000000e+00,0.000000000000000000e+00
-2.529150472992526891e-02,3.083867238092586080e-07,7.424636522653031978e-01,2.295853613212504140e-07,6.103753048266088999e-03,-1.545694714416178594e-06,9.999813719246394284e-01,-4.272844222008660431e-01,5.870667735428952705e-02,-3.926016679708921320e-02,7.570822812318172002e-01,-3.431582678975722001e-01,-7.061425181798473838e-02,-4.272838268442541443e-01,-5.870525046216027582e-02,3.926658718230585654e-02,7.570828521555101887e-01,-3.431598132711865534e-01,7.061575326657340557e-02,0.000000000000000000e+00,0.000000000000000000e+00,0.000000000000000000e+00,4.979999999999999982e-01,2.999999999999999889e-01,0.000000000000000000e+00,5.010000000000000009e-01,0.000000000000000000e+00,0.000000000000000000e+00,0.000000000000000000e+00,4.979999999999999982e-01,-2.999999999999999889e-01,0.000000000000000000e+00,5.010000000000000009e-01,0.000000000000000000e+00,0.000000000000000000e+00,0.000000000000000000e+00
-2.187742512371271611e-02,3.044848299109703606e-07,7.512034767790084500e-01,1.775956207101785178e-07,4.783760808854833554e-03,-1.153129383845343105e-06,9.999885577501187450e-01,-3.806748594074705894e-01,5.959595058311673021e-02,-3.620099279495167521e-02,6.779795333681364333e-01,-3.079505094080702277e-01,-6.976379517715983192e-02,-3.806738505600492650e-01,-5.959544300631638286e-02,3.620599033401746686e-02,6.779799990246176966e-01,-3.079522838930816020e-01,6.976531333325163009e-02,0.000000000000000000e+00,0.000000000000000000e+00,0.000000000000000000e+00,4.979999999999999982e-01,2.999999999999999889e-01,0.000000000000000000e+00,5.010000000000000009e-01,0.000000000000000000e+00,0.000000000000000000e+00,0.000000000000000000e+00,4.979999999999999982e-01,-2.999999999999999889e-01,0.000000000000000000e+00,5.010000000000000009e-01,0.000000000000000000e+00,0.000000000000000000e+00,0.000000000000000000e+00
-1.869913626640730409e-02,3.006888648249622165e-07,7.592564557971483996e-01,1.290319550732649180e-07,3.534872952832577696e-03,-7.935484517696921700e-07,9.999937523167637954e-01,-3.354432523100637775e-01,6.043457539029816611e-02,-3.325179316330902080e-02,6.004047402199977901e-01,-2.730359651455274150e-01,-6.899416205167958893e-02,-3.354418525376963722e-01,-6.043485911717064174e-02,3.325545649040124313e-02,6.004050821389103065e-01,-2.730379315621015990e-01,6.899569267260559358e-02,0.000000000000000000e+00,0.000000000000000000e+00,0.000000000000000000e+00,4.979999999999999982e-01,2.999999999999999889e-01,0.000000000000000000e+00,5.010000000000000009e-01,0.000000000000000000e+00,0.000000000000000000e+00,0.000000000000000000e+00,4.979999999999999982e-01,-2.999999999999999889e-01,0.000000000000000000e+00,5.010000000000000009e-01,0.000000000000000000e+00,0.000000000000000000e+00,0.000000000000000000e+00
-1.597540985925279336e-02,2.970971115694639387e-07,7.659853193748550337e-01,8.707356188621933677e-08,2.423072663171548131e-03,-4.975582811309899142e-07,9.999970643549979110e-01,-2.928680976827859328e-01,6.117555908667993148e-02,-3.051460447585163660e-02,5.257755708608989886e-01,-2.386866855426175993e-01,-6.838034222818488439e-02,-2.928663504884269075e-01,-6.117638733361602937e-02,3.051710446183345318e-02,5.257757534346937378e-01,-2.386887722146749380e-01,6.838187713483724617e-02,0.000000000000000000e+00,0.000000000000000000e+00,0.000000000000000000e+00,4.979999999999999982e-01,2.999999999999999889e-01,0.000000000000000000e+00,5.010000000000000009e-01,0.000000000000000000e+00,0.000000000000000000e+00,0.000000000000000000e+00,4.979999999999999982e-01,-2.999999999999999889e-01,0.000000000000000000e+00,5.010000000000000009e-01,0.000000000000000000e+00,0.000000000000000000e+00,0.000000000000000000e+00
-1.377489438608485092e-02,2.939600810595182482e-07,7.713008317974512362e-01,5.367422120276953876e-08,1.508858409605062833e-03,-2.794843165347753609e-07,9.999988616724615476e-01,-2.549741270798213666e-01,6.180889385270148945e-02,-2.809600418466631777e-02,4.580264452737085046e-01,-2.069378799910135402e-01,-6.791380242806324685e-02,-2.549720923286065699e-01,-6.181006260119052687e-02,2.809761069585828969e-02,4.580264415052404670e-01,-2.069400148389337613e-01,6.791533485731351960e-02,0.000000000000000000e+00,0.000000000000000000e+00,0.000000000000000000e+00,4.979999999999999982e-01,2.999999999999999889e-01,0.000000000000000000e+00,5.010000000000000009e-01,0.000000000000000000e+00,0.000000000000000000e+00,0.000000000000000000e+00,4.979999999999999982e-01,-2.999999999999999889e-01,0.000000000000000000e+00,5.010000000000000009e-01,0.000000000000000000e+00,0.000000000000000000e+00,0.000000000000000000e+00
-1.183528334337143051e-02,2.910498026513284452e-07,7.759115623544494689e-01,2.454295034256148572e-08,6.931727439011697595e-04,-1.002641445110703750e-07,9.999997597557394036e-01,-2.194144762939338467e-01,6.238854838950715076e-02,-2.583627122342276733e-02,3.937081231831779937e-01,-1.764858271584287264e-01,-6.752070530300706419e-02,-2.194121838382195322e-01,-6.238995590365280924e-02,2.583711883139840418e-02,3.937079196100474743e-01,-1.764879742389793282e-01,6.752223188235280393e-02,0.000000000000000000e+00,0.000000000000000000e+00,0.000000000000000000e+00,4.979999999999999982e-01,2.999999999999999889e-01,0.000000000000000000e+00,5.010000000000000009e-01,0.000000000000000000e+00,0.000000000000000000e+00,0.000000000000000000e+00,4.979999999999999982e-01,-2.999999999999999889e-01,0.000000000000000000e+00,5.010000000000000009e-01,0.000000000000000000e+00,0.000000000000000000e+00,0.000000000000000000e+00
-1.074128777882245311e-02,2.891476785198314910e-07,7.783494892989816227e-01,1.000816772715657099e-08,2.529863834885444883e-04,-3.355834952689201795e-08,9.999999679989437507e-01,-1.965929153277702068e-01,6.274785053528947332e-02,-2.439089003026193372e-02,3.514102754529502270e-01,-1.560882892384805598e-01,-6.732675498612041010e-02,-1.965904800254362761e-01,-6.274930880540272038e-02,2.439142485711762176e-02,3.514098950681526778e-01,-1.560903832233708211e-01,6.732827191261979427e-02,0.000000000000000000e+00,0.000000000000000000e+00,0.000000000000000000e+00,4.979999999999999982e-01,2.999999999999999889e-01,0.000000000000000000e+00,5.010000000000000009e-01,0.000000000000000000e+00,0.000000000000000000e+00,0.000000000000000000e+00,4.979999999999999982e-01,-2.999999999999999889e-01,0.000000000000000000e+00,5.010000000000000009e-01,0.000000000000000000e+00,0.000000000000000000e+00,0.000000000000000000e+00
-1.074128777882245311e-02,2.891476785198314910e-07,7.783494892989816227e-01,1.000816772715657099e-08,2.529863834885444883e-04,-3.355834952689201795e-08,9.999999679989437507e-01,-1.965929153277702068e-01,6.274785053528947332e-02,-2.439089003026193372e-02,3.514102754529502270e-01,-1.560882892384805598e-01,-6.732675498612041010e-02,-1.965904800254362761e-01,-6.274930880540272038e-02,2.439142485711762176e-02,3.514098950681526778e-01,-1.560903832233708211e-01,6.732827191261979427e-02,0.000000000000000000e+00,0.000000000000000000e+00,0.000000000000000000e+00,4.979999999999999982e-01,2.999999999999999889e-01,0.000000000000000000e+00,5.010000000000000009e-01,0.000000000000000000e+00,0.000000000000000000e+00,0.000000000000000000e+00,4.979999999999999982e-01,-2.999999999999999889e-01,0.000000000000000000e+00,5.010000000000000009e-01,0.000000000000000000e+00,0.000000000000000000e+00,0.000000000000000000e+00
-1.074128777882245311e-02,2.891476785198314910e-07,7.782651510232343472e-01,9.907078680253103608e-09,3.385779102307048360e-04,-3.321938822431399063e-08,9.999999426824971449e-01,-1.972092273427650533e-01,6.211393678705377785e-02,-2.414447462630763333e-02,3.529524474409367341e-01,-1.571776044374918191e-01,-6.664658067056504487e-02,-1.972068166394445876e-01,-6.211538032716588248e-02,2.414500405087184956e-02,3.529520708984098532e-01,-1.571796772710195578e-01,6.664808227457452716e-02,0.000000000000000000e+00,0.000000000000000000e+00,0.000000000000000000e+00,4.980000000000000537e-01,3.000000000000000444e-01,0.000000000000000000e+00,5.010000000000000009e-01,0.000000000000000000e+00,0.000000000000000000e+00,0.000000000000000000e+00,4.980000000000000537e-01,-3.000000000000000444e-01,0.000000000000000000e+00,5.010000000000000009e-01,0.000000000000000000e+00,0.000000000000000000e+00,0.000000000000000000e+00
-1.074128777882245311e-02,2.891476785198314910e-07,7.781808127474870718e-01,9.805989488934659582e-09,4.241694953160595003e-04,-3.288042643749864907e-08,9.999999100401150143e-01,-1.978255393577598720e-01,6.148002303881806851e-02,-2.389805922235333294e-02,3.544946194289231856e-01,-1.582669196365030784e-01,-6.596640635500966576e-02,-1.978231532534528991e-01,-6.148145184892903070e-02,2.389858324462607736e-02,3.544942467286669729e-01,-1.582689713186682945e-01,6.596789263652926005e-02,0.000000000000000000e+00,0.000000000000000000e+00,0.000000000000000000e+00,4.979999999999999982e-01,2.999999999999999889e-01,0.000000000000000000e+00,5.010000000000000009e-01,0.000000000000000000e+00,0.000000000000000000e+00,0.000000000000000000e+00,4.979999999999999982e-01,-2.999999999999999889e-01,0.000000000000000000e+00,5.010000000000000009e-01,0.000000000000000000e+00,0.000000000000000000e+00,0.000000000000000000e+00
-1.074128777882245311e-02,2.891476785198314910e-07,7.780964744717397963e-01,9.704900155422723441e-09,5.097611368635547374e-04,-3.254146417389484733e-08,9.999998700717825928e-01,-1.984418513727547184e-01,6.084610929058237305e-02,-2.365164381839903601e-02,3.560367914169096926e-01,-1.593562348355143377e-01,-6.528623203945430054e-02,-1.984394898674612107e-01,-6.084752337069218586e-02,2.365216243838030863e-02,3.560364225589242038e-01,-1.593582653663170312e-01,6.528770299848400682e-02,0.000000000000000000e+00,0.000000000000000000e+00,0.000000000000000000e+00,4.979999999999999982e-01,2.999999999999999889e-01,0.000000000000000000e+00,5.010000000000000009e-01,0.000000000000000000e+00,0.000000000000000000e+00,0.000000000000000000e+00,4.979999999999999982e-01,-2.999999999999999889e-01,0.000000000000000000e+00,5.010000000000000009e-01,0.000000000000000000e+00,0.000000000000000000e+00,0.000000000000000000e+00
-1.074128777882245311e-02,2.891476785198314910e-07,7.780121361959924098e-01,9.603810681938796252e-09,5.953528329921292141e-04,-3.220250144095148580e-08,9.999998227774858917e-01,-1.990581633877495094e-01,6.021219554234666371e-02,-2.340522841444473562e-02,3.575789634048961441e-01,-1.604455500345256247e-01,-6.460605772389892143e-02,-1.990558264814694667e-01,-6.021359489245533408e-02,2.340574163213453643e-02,3.575785983891813236e-01,-1.604475594139657679e-01,6.460751336043873971e-02,0.000000000000000000e+00,0.000000000000000000e+00,0.000000000000000000e+00,4.979999999999999982e-01,2.999999999999999889e-01,0.000000000000000000e+00,5.010000000000000009e-01,0.000000000000000000e+00,0.000000000000000000e+00,0.000000000000000000e+00,4.979999999999999982e-01,-2.999999999999999889e-01,0.000000000000000000e+00,5.010000000000000009e-01,0.000000000000000000e+00,0.000000000000000000e+00,0.000000000000000000e+00
-1.074128777882245311e-02,2.891476785198314910e-07,7.779277979202450233e-01,9.502721070704390664e-09,6.809445818207136283e-04,-3.186353824611751119e-08,9.999997681572108110e-01,-1.996744754027443558e-01,5.957828179411096825e-02,-2.315881301049043522e-02,3.591211353928826511e-01,-1.615348652335368562e-01,-6.392588340834355620e-02,-1.996721630954778059e-01,-5.957966641421849618e-02,2.315932082588876423e-02,3.591207742194384989e-01,-1.615368534616145046e-01,6.392732372239347260e-02,0.000000000000000000e+00,0.000000000000000000e+00,0.000000000000000000e+00,4.979999999999999982e-01,2.999999999999999889e-01,0.000000000000000000e+00,5.010000000000000009e-01,0.000000000000000000e+00,0.000000000000000000e+00,0.000000000000000000e+00,4.979999999999999982e-01,-2.999999999999999889e-01,0.000000000000000000e+00,5.010000000000000009e-01,0.000000000000000000e+00,0.000000000000000000e+00,0.000000000000000000e+00
-1.074128777882245311e-02,2.891476785198314910e-07,7.778434596444977478e-01,9.401631323941039180e-09,7.665363814682320644e-04,-3.152457459684194960e-08,9.999997062109442503e-01,-2.002907874177392022e-01,5.894436804587526585e-02,-2.291239760653613483e-02,3.606633073808691026e-01,-1.626241804325481433e-01,-6.324570909278819097e-02,-2.002884997094861175e-01,-5.894573793598165135e-02,2.291290001964299550e-02,3.606629500496956742e-01,-1.626261475092632414e-01,6.324713408434821937e-02,0.000000000000000000e+00,0.000000000000000000e+00,0.000000000000000000e+00,4.980000000000000537e-01,2.999999999999999889e-01,0.000000000000000000e+00,5.010000000000000009e-01,0.000000000000000000e+00,0.000000000000000000e+00,0.000000000000000000e+00,4.980000000000000537e-01,-2.999999999999999889e-01,0.000000000000000000e+00,5.010000000000000009e-01,0.000000000000000000e+00,0.000000000000000000e+00,0.000000000000000000e+00
-1.074128777882245311e-02,2.891476785198314910e-07,7.777591213687504723e-01,9.300541443870275954e-09,8.521282300536014509e-04,-3.118561050057380068e-08,9.999996369386733308e-01,-2.009070994327340209e-01,5.831045429763956345e-02,-2.266598220258183444e-02,3.622054793688556096e-01,-1.637134956315594025e-01,-6.256553477723281187e-02,-2.009048363234944012e-01,-5.831180945774480651e-02,2.266647921339721983e-02,3.622051258799527940e-01,-1.637154415569119503e-01,6.256694444630295227e-02,0.000000000000000000e+00,0.000000000000000000e+00,0.000000000000000000e+00,4.979999999999999982e-01,2.999999999999999889e-01,0.000000000000000000e+00,5.010000000000000009e-01,0.000000000000000000e+00,0.000000000000000000e+00,0.000000000000000000e+00,4.979999999999999982e-01,-2.999999999999999889e-01,0.000000000000000000e+00,5.010000000000000009e-01,0.000000000000000000e+00,0.000000000000000000e+00,0.000000000000000000e+00
-1.074128777882245311e-02,2.891476785198314910e-07,7.776747830930031968e-01,9.199451432713664922e-09,9.377201256957316692e-04,-3.084664596476218980e-08,9.999995603403857292e-01,-2.015234114477288674e-01,5.767654054940386105e-02,-2.241956679862753751e-02,3.637476513568420611e-01,-1.648028108305706896e-01,-6.188536046167743970e-02,-2.015211729375027405e-01,-5.767788097950795473e-02,2.242005840715145457e-02,3.637473017102099693e-01,-1.648047356045607148e-01,6.188675480825767822e-02,0.000000000000000000e+00,0.000000000000000000e+00,0.000000000000000000e+00,4.979999999999999982e-01,2.999999999999999889e-01,0.000000000000000000e+00,5.010000000000000009e-01,0.000000000000000000e+00,0.000000000000000000e+00,0.000000000000000000e+00,4.979999999999999982e-01,-2.999999999999999889e-01,0.000000000000000000e+00,5.010000000000000009e-01,0.000000000000000000e+00,0.000000000000000000e+00,0.000000000000000000e+00
-1.074128777882245311e-02,2.891476785198314910e-07,7.775904448172558103e-01,9.098361292692766708e-09,1.023312066513526204e-03,-3.050768099685622911e-08,9.999994764160696770e-01,-2.021397234627236861e-01,5.704262680116815865e-02,-2.217315139467323712e-02,3.652898233448285126e-01,-1.658921260295819211e-01,-6.120518614612206060e-02,-2.021375095515110243e-01,-5.704395250127110989e-02,2.217363760090567890e-02,3.652894775404671446e-01,-1.658940296522094238e-01,6.120656517021241111e-02,0.000000000000000000e+00,0.000000000000000000e+00,0.000000000000000000e+00,4.979999999999999982e-01,2.999999999999999889e-01,0.000000000000000000e+00,5.010000000000000009e-01,0.000000000000000000e+00,0.000000000000000000e+00,0.000000000000000000e+00,4.979999999999999982e-01,-2.999999999999999889e-01,0.000000000000000000e+00,5.010000000000000009e-01,0.000000000000000000e+00,0.000000000000000000e+00,0.000000000000000000e+00
-1.074128777882245311e-02,2.891476785198314910e-07,7.775061065415085348e-01,8.997271026029163444e-09,1.108904050625882142e-03,-3.016871560430507707e-08,9.999993851657138499e-01,-2.027560354777185325e-01,5.640871305293245624e-02,-2.192673599071893673e-02,3.668319953328150196e-01,-1.669814412285932081e-01,-6.052501183056669537e-02,-2.027538461655193358e-01,-5.641002402303426505e-02,2.192721679465991017e-02,3.668316533707242644e-01,-1.669833236998581882e-01,6.052637553216715094e-02,0.000000000000000000e+00,0.000000000000000000e+00,0.000000000000000000e+00,4.979999999999999982e-01,3.000000000000000444e-01,0.000000000000000000e+00,5.010000000000000009e-01,0.000000000000000000e+00,0.000000000000000000e+00,0.000000000000000000e+00,4.979999999999999982e-01,-3.000000000000000444e-01,0.000000000000000000e+00,5.010000000000000009e-01,0.000000000000000000e+00,0.000000000000000000e+00,0.000000000000000000e+00
-1.074128777882245311e-02,2.891476785198314910e-07,7.774217682657612594e-01,8.896180634944445535e-09,1.194496076151689524e-03,-2.982974979455795832e-08,9.999992865893070348e-01,-2.033723474927133235e-01,5.577479930469675384e-02,-2.168032058676463633e-02,3.683741673208014711e-01,-1.680707564276044397e-01,-5.984483751501131626e-02,-2.033701827795276196e-01,-5.577609554479742021e-02,2.168079598841413450e-02,3.683738292009814397e-01,-1.680726177475068972e-01,5.984618589412188383e-02,0.000000000000000000e+00,0.000000000000000000e+00,0.000000000000000000e+00,4.979999999999999982e-01,2.999999999999999889e-01,0.000000000000000000e+00,5.010000000000000009e-01,0.000000000000000000e+00,0.000000000000000000e+00,0.000000000000000000e+00,4.979999999999999982e-01,-2.999999999999999889e-01,0.000000000000000000e+00,5.010000000000000009e-01,0.000000000000000000e+00,0.000000000000000000e+00,0.000000000000000000e+00
-1.074128777882245311e-02,2.891476785198314910e-07,7.773374299900139839e-01,8.795090121660218274e-09,1.280088141209833946e-03,-2.949078357506413057e-08,9.999991806868391286e-01,-2.039886595077081699e-01,5.514088555646105838e-02,-2.143390518281033594e-02,3.699163393087879226e-01,-1.691600716266157267e-01,-5.916466319945595104e-02,-2.039865193935359311e-01,-5.514216706656058231e-02,2.143437518216836923e-02,3.699160050312385595e-01,-1.691619117951556617e-01,5.916599625607662366e-02,0.000000000000000000e+00,0.000000000000000000e+00,0.000000000000000000e+00,4.979999999999999982e-01,2.999999999999999889e-01,0.000000000000000000e+00,5.010000000000000009e-01,0.000000000000000000e+00,0.000000000000000000e+00,0.000000000000000000e+00,4.979999999999999982e-01,-2.999999999999999889e-01,0.000000000000000000e+00,5.010000000000000009e-01,0.000000000000000000e+00,0.000000000000000000e+00,0.000000000000000000e+00
-1.074128777882245311e-02,2.891476785198314910e-07,7.772530917142665974e-01,8.693999488398098535e-09,1.365680243919194063e-03,-2.915181695327287472e-08,9.999990674583003614e-01,-2.046049715227030164e-01,5.450697180822535598e-02,-2.118748977885603901e-02,3.714585112967744851e-01,-1.702493868256269860e-01,-5.848448888390058581e-02,-2.046028560075442426e-01,-5.450823858832373053e-02,2.118795437592259703e-02,3.714581808614957903e-01,-1.702512058428043984e-01,5.848580661803136349e-02,0.000000000000000000e+00,0.000000000000000000e+00,0.000000000000000000e+00,4.979999999999999982e-01,3.000000000000000444e-01,0.000000000000000000e+00,5.010000000000000009e-01,0.000000000000000000e+00,0.000000000000000000e+00,0.000000000000000000e+00,4.979999999999999982e-01,-3.000000000000000444e-01,0.000000000000000000e+00,5.010000000000000009e-01,0.000000000000000000e+00,0.000000000000000000e+00,0.000000000000000000e+00
-1.074128777882245311e-02,2.891476785198314910e-07,7.771687534385192109e-01,8.592908737379711463e-09,1.451272382398643545e-03,-2.881284993663353121e-08,9.999989469036810741e-01,-2.052212835376978350e-01,5.387305805998965358e-02,-2.094107437490173862e-02,3.730006832847608811e-01,-1.713387020246382453e-01,-5.780431456834520670e-02,-2.052191926215525541e-01,-5.387431011008688569e-02,2.094153356967682483e-02,3.730003566917529101e-01,-1.713404998904531351e-01,5.780561697998609638e-02,0.000000000000000000e+00,0.000000000000000000e+00,0.000000000000000000e+00,4.979999999999999982e-01,2.999999999999999889e-01,0.000000000000000000e+00,5.010000000000000009e-01,0.000000000000000000e+00,0.000000000000000000e+00,0.000000000000000000e+00,4.979999999999999982e-01,-2.999999999999999889e-01,0.000000000000000000e+00,5.010000000000000009e-01,0.000000000000000000e+00,0.000000000000000000e+00,0.000000000000000000e+00
-1.074128777882245311e-02,2.891476785198314910e-07,7.770844151627720464e-01,8.491817870826698747e-09,1.536864554767049772e-03,-2.847388253259546033e-08,9.999988190229722740e-01,-2.058375955526926537e-01,5.323914431175395118e-02,-2.069465897094743823e-02,3.745428552727473881e-01,-1.724280172236495046e-01,-5.712414025278984148e-02,-2.058355292355608657e-01,-5.324038163185004086e-02,2.069511276343105263e-02,3.745425325220100854e-01,-1.724297939381018718e-01,5.712542734194083621e-02,0.000000000000000000e+00,0.000000000000000000e+00,0.000000000000000000e+00,4.979999999999999982e-01,2.999999999999999889e-01,0.000000000000000000e+00,5.010000000000000009e-01,0.000000000000000000e+00,0.000000000000000000e+00,0.000000000000000000e+00,4.979999999999999982e-01,-2.999999999999999889e-01,0.000000000000000000e+00,5.010000000000000009e-01,0.000000000000000000e+00,0.000000000000000000e+00,0.000000000000000000e+00
-1.074128777882245311e-02,2.891476785198314910e-07,7.770000768870246599e-01,8.390726890960707041e-09,1.622456759143276655e-03,-2.813491474860807532e-08,9.999986838161657454e-01,-2.064539075676875002e-01,5.260523056351824878e-02,-2.044824356699313783e-02,3.760850272607338396e-01,-1.735173324226607638e-01,-5.644396593723446237e-02,-2.064518658495691494e-01,-5.260645315361319602e-02,2.044869195718528043e-02,3.760847083522672052e-01,-1.735190879857506085e-01,5.644523770389556216e-02,0.000000000000000000e+00,0.000000000000000000e+00,0.000000000000000000e+00,4.979999999999999982e-01,2.999999999999999334e-01,0.000000000000000000e+00,5.010000000000000009e-01,0.000000000000000000e+00,0.000000000000000000e+00,0.000000000000000000e+00,4.979999999999999982e-01,-2.999999999999999334e-01,0.000000000000000000e+00,5.010000000000000009e-01,0.000000000000000000e+00,0.000000000000000000e+00,0.000000000000000000e+00
-1.074128777882245311e-02,2.891476785198314910e-07,7.769157386112773844e-01,8.289635800003397884e-09,1.708048993646180949e-03,-2.779594659212080926e-08,9.999985412832532727e-01,-2.070702195826823466e-01,5.197131681528254638e-02,-2.020182816303883744e-02,3.776271992487203466e-01,-1.746066476216720509e-01,-5.576379162167909020e-02,-2.070682024635774887e-01,-5.197252467537635118e-02,2.020227115093951170e-02,3.776268841825243805e-01,-1.746083820333993175e-01,5.576504806585030199e-02,0.000000000000000000e+00,0.000000000000000000e+00,0.000000000000000000e+00,4.980000000000000537e-01,2.999999999999999889e-01,0.000000000000000000e+00,5.010000000000000009e-01,0.000000000000000000e+00,0.000000000000000000e+00,0.000000000000000000e+00,4.980000000000000537e-01,-2.999999999999999889e-01,0.000000000000000000e+00,5.010000000000000009e-01,0.000000000000000000e+00,0.000000000000000000e+00,0.000000000000000000e+00
-1.074128777882245311e-02,2.891476785198314910e-07,7.768314003355299979e-01,8.188544600176446054e-09,1.793641256394616591e-03,-2.745697807058314819e-08,9.999983914242275285e-01,-2.076865315976771376e-01,5.133740306704684397e-02,-1.995541275908453704e-02,3.791693712367067981e-01,-1.756959628206832824e-01,-5.508361730612371804e-02,-2.076845390775857447e-01,-5.133859619713949940e-02,1.995585034469373950e-02,3.791690600127815003e-01,-1.756976760810480820e-01,5.508485842780502795e-02,0.000000000000000000e+00,0.000000000000000000e+00,0.000000000000000000e+00,4.979999999999999427e-01,2.999999999999999889e-01,0.000000000000000000e+00,5.010000000000000009e-01,0.000000000000000000e+00,0.000000000000000000e+00,0.000000000000000000e+00,4.979999999999999427e-01,-2.999999999999999889e-01,0.000000000000000000e+00,5.010000000000000009e-01,0.000000000000000000e+00,0.000000000000000000e+00,0.000000000000000000e+00
-1.074128777882245311e-02,2.891476785198314910e-07,7.767470620597827224e-01,8.087453293701527982e-09,1.879233545507431663e-03,-2.711800919144459797e-08,9.999982342390814072e-01,-2.083028436126719840e-01,5.070348931881114157e-02,-1.970899735513024012e-02,3.807115432246933051e-01,-1.767852780196945695e-01,-5.440344299056834587e-02,-2.083008756915940840e-01,-5.070466771890265456e-02,1.970942953844796730e-02,3.807112358430387311e-01,-1.767869701286967909e-01,5.440466878975976778e-02,0.000000000000000000e+00,0.000000000000000000e+00,0.000000000000000000e+00,4.979999999999999982e-01,2.999999999999999889e-01,0.000000000000000000e+00,5.010000000000000009e-01,0.000000000000000000e+00,0.000000000000000000e+00,0.000000000000000000e+00,4.979999999999999982e-01,-2.999999999999999889e-01,0.000000000000000000e+00,5.010000000000000009e-01,0.000000000000000000e+00,0.000000000000000000e+00,0.000000000000000000e+00
-1.074128777882245311e-02,2.891476785198314910e-07,7.766627237840355580e-01,7.986361882800339950e-09,1.964825859103470993e-03,-2.677903996215471412e-08,9.999980697278083586e-01,-2.089191556276668305e-01,5.006957557057544611e-02,-1.946258195117593973e-02,3.822537152126798121e-01,-1.778745932187058565e-01,-5.372326867501298064e-02,-2.089172123056023955e-01,-5.007073924066581666e-02,1.946300873220219510e-02,3.822534116732958509e-01,-1.778762641763455554e-01,5.372447915171450761e-02,0.000000000000000000e+00,0.000000000000000000e+00,0.000000000000000000e+00,4.979999999999999982e-01,2.999999999999999889e-01,0.000000000000000000e+00,5.010000000000000009e-01,0.000000000000000000e+00,0.000000000000000000e+00,0.000000000000000000e+00,4.979999999999999982e-01,-2.999999999999999889e-01,0.000000000000000000e+00,5.010000000000000009e-01,0.000000000000000000e+00,0.000000000000000000e+00,0.000000000000000000e+00
-1.074128777882245311e-02,2.891476785198314910e-07,7.765783855082880605e-01,7.885270369694578241e-09,2.050418195301573557e-03,-2.644007039016306869e-08,9.999978978904023874e-01,-2.095354676426616491e-01,4.943566182233973677e-02,-1.921616654722163933e-02,3.837958872006662636e-01,-1.789639084177170880e-01,-5.304309435945760154e-02,-2.095335489196106793e-01,-4.943681076242896488e-02,1.921658792595642290e-02,3.837955875035530262e-01,-1.789655582239942644e-01,5.304428951366924050e-02,0.000000000000000000e+00,0.000000000000000000e+00,0.000000000000000000e+00,4.979999999999999982e-01,2.999999999999999334e-01,0.000000000000000000e+00,5.010000000000000009e-01,0.000000000000000000e+00,0.000000000000000000e+00,0.000000000000000000e+00,4.979999999999999982e-01,-2.999999999999999334e-01,0.000000000000000000e+00,5.010000000000000009e-01,0.000000000000000000e+00,0.000000000000000000e+00,0.000000000000000000e+00
-1.074128777882245311e-02,2.891476785198314910e-07,7.764940472325407850e-01,7.784178756605960647e-09,2.136010552220576810e-03,-2.610110048291927344e-08,9.999977187268579426e-01,-2.101517796576564678e-01,4.880174807410404131e-02,-1.896975114326733894e-02,3.853380591886527151e-01,-1.800532236167283473e-01,-5.236292004390223631e-02,-2.101498855336190186e-01,-4.880288228419212698e-02,1.897016711971065417e-02,3.853377633338102015e-01,-1.800548522716430011e-01,5.236409987562398033e-02,0.000000000000000000e+00,0.000000000000000000e+00,0.000000000000000000e+00,4.980000000000000537e-01,2.999999999999999889e-01,0.000000000000000000e+00,5.010000000000000009e-01,0.000000000000000000e+00,0.000000000000000000e+00,0.000000000000000000e+00,4.980000000000000537e-01,-2.999999999999999889e-01,0.000000000000000000e+00,5.010000000000000009e-01,0.000000000000000000e+00,0.000000000000000000e+00,0.000000000000000000e+00
-1.074128777882245311e-02,2.891476785198314910e-07,7.764097089567935095e-01,7.683087045756203301e-09,2.221602927979312789e-03,-2.576213024787297321e-08,9.999975322371699171e-01,-2.107680916726513143e-01,4.816783432586833197e-02,-1.872333573931303854e-02,3.868802311766392221e-01,-1.811425388157396066e-01,-5.168274572834685721e-02,-2.107662221476273023e-01,-4.816895380595527520e-02,1.872374631346488197e-02,3.868799391640673213e-01,-1.811441463192917378e-01,5.168391023757871322e-02,0.000000000000000000e+00,0.000000000000000000e+00,0.000000000000000000e+00,4.979999999999999982e-01,2.999999999999999889e-01,0.000000000000000000e+00,5.010000000000000009e-01,0.000000000000000000e+00,0.000000000000000000e+00,0.000000000000000000e+00,4.979999999999999982e-01,-2.999999999999999889e-01,0.000000000000000000e+00,5.010000000000000009e-01,0.000000000000000000e+00,0.000000000000000000e+00,0.000000000000000000e+00
-1.074128777882245311e-02,2.891476785198314910e-07,7.763253706810462340e-01,7.581995239367038883e-09,2.307195320696609625e-03,-2.542315969247384263e-08,9.999973384213337591e-01,-2.113844036876461330e-01,4.753392057763263651e-02,-1.847692033535874162e-02,3.884224031646257291e-01,-1.822318540147508936e-01,-5.100257141279149198e-02,-2.113825587616355861e-01,-4.753502532771843037e-02,1.847732550721910977e-02,3.884221149943245521e-01,-1.822334403669404745e-01,5.100372059953345305e-02,0.000000000000000000e+00,0.000000000000000000e+00,0.000000000000000000e+00,4.979999999999999982e-01,2.999999999999999889e-01,0.000000000000000000e+00,5.010000000000000009e-01,0.000000000000000000e+00,0.000000000000000000e+00,0.000000000000000000e+00,4.979999999999999982e-01,-2.999999999999999889e-01,0.000000000000000000e+00,5.010000000000000009e-01,0.000000000000000000e+00,0.000000000000000000e+00,0.000000000000000000e+00
-1.074128777882245311e-02,2.891476785198314910e-07,7.762410324052988475e-01,7.480903339660203381e-09,2.392787728491294584e-03,-2.508418882417158279e-08,9.999971372793453606e-01,-2.120007157026409794e-01,4.690000682939693410e-02,-1.823050493140443776e-02,3.899645751526121251e-01,-1.833211692137621529e-01,-5.032239709723611981e-02,-2.119988953756438976e-01,-4.690109684948158553e-02,1.823090470097333757e-02,3.899642908245816719e-01,-1.833227344145892113e-01,5.032353096148817900e-02,0.000000000000000000e+00,0.000000000000000000e+00,0.000000000000000000e+00,4.979999999999999982e-01,2.999999999999999889e-01,0.000000000000000000e+00,5.010000000000000009e-01,0.000000000000000000e+00,0.000000000000000000e+00,0.000000000000000000e+00,4.979999999999999982e-01,-2.999999999999999889e-01,0.000000000000000000e+00,5.010000000000000009e-01,0.000000000000000000e+00,0.000000000000000000e+00,0.000000000000000000e+00
-1.074128777882245311e-02,2.891476785198314910e-07,7.761566941295515720e-01,7.379811348857445190e-09,2.478380149482188859e-03,-2.474521765041592788e-08,9.999969288112008359e-01,-2.126170277176358259e-01,4.626609308116123170e-02,-1.798408952745014083e-02,3.915067471405986321e-01,-1.844104844127734122e-01,-4.964222278168074765e-02,-2.126152319896522092e-01,-4.626716837124474069e-02,1.798448389472756537e-02,3.915064666548387917e-01,-1.844120284622379480e-01,4.964334132344291883e-02,0.000000000000000000e+00,0.000000000000000000e+00,0.000000000000000000e+00,4.979999999999999982e-01,2.999999999999999889e-01,0.000000000000000000e+00,5.010000000000000009e-01,0.000000000000000000e+00,0.000000000000000000e+00,0.000000000000000000e+00,4.979999999999999982e-01,-2.999999999999999889e-01,0.000000000000000000e+00,5.010000000000000009e-01,0.000000000000000000e+00,0.000000000000000000e+00,0.000000000000000000e+00
-1.074128777882245311e-02,2.891476785198314910e-07,7.760723558538044076e-01,7.278719269180520978e-09,2.563972581788112343e-03,-2.440624617865664184e-08,9.999967130168975205e-01,-2.132333397326306723e-01,4.563217933292553624e-02,-1.773767412349584044e-02,3.930489191285851391e-01,-1.854997996117846992e-01,-4.896204846612538242e-02,-2.132315686036605207e-01,-4.563323989300790279e-02,1.773806308848180011e-02,3.930486424850960225e-01,-1.855013225098867125e-01,4.896315168539765866e-02,0.000000000000000000e+00,0.000000000000000000e+00,0.000000000000000000e+00,4.980000000000000537e-01,2.999999999999999889e-01,0.000000000000000000e+00,5.010000000000001119e-01,0.000000000000000000e+00,0.000000000000000000e+00,0.000000000000000000e+00,4.980000000000000537e-01,-2.999999999999999889e-01,0.000000000000000000e+00,5.010000000000001119e-01,0.000000000000000000e+00,0.000000000000000000e+00,0.000000000000000000e+00
-1.074128777882245311e-02,2.891476785198314910e-07,7.759880175780570211e-01,7.177627102851194030e-09,2.649565023527882326e-03,-2.406727441634350849e-08,9.999964898964323057e-01,-2.138496517476254910e-01,4.499826558468982690e-02,-1.749125871954154005e-02,3.945910911165715906e-01,-1.865891148107959308e-01,-4.828187415056999637e-02,-2.138479052176688322e-01,-4.499931141477104407e-02,1.749164228223602444e-02,3.945908183153531423e-01,-1.865906165575354214e-01,4.828296204735239155e-02,0.000000000000000000e+00,0.000000000000000000e+00,0.000000000000000000e+00,4.979999999999999982e-01,2.999999999999999889e-01,0.000000000000000000e+00,5.010000000000000009e-01,0.000000000000000000e+00,0.000000000000000000e+00,0.000000000000000000e+00,4.979999999999999982e-01,-2.999999999999999889e-01,0.000000000000000000e+00,5.010000000000000009e-01,0.000000000000000000e+00,0.000000000000000000e+00,0.000000000000000000e+00
-1.074128777882245311e-02,2.891476785198314910e-07,7.759036793023096346e-01,7.076534852091234246e-09,2.735157472820312196e-03,-2.372830237092634143e-08,9.999962594498033042e-01,-2.144659637626203375e-01,4.436435183645413144e-02,-1.724484331558724312e-02,3.961332631045580976e-01,-1.876784300098072178e-01,-4.760169983501463115e-02,-2.144642418316771160e-01,-4.436538293653420617e-02,1.724522147599025571e-02,3.961329941456103176e-01,-1.876799106051841581e-01,4.760277240930713138e-02,0.000000000000000000e+00,0.000000000000000000e+00,0.000000000000000000e+00,4.979999999999999982e-01,2.999999999999999889e-01,0.000000000000000000e+00,5.010000000000000009e-01,0.000000000000000000e+00,0.000000000000000000e+00,0.000000000000000000e+00,4.979999999999999982e-01,-2.999999999999999889e-01,0.000000000000000000e+00,5.010000000000000009e-01,0.000000000000000000e+00,0.000000000000000000e+00,0.000000000000000000e+00
-1.074128777882245311e-02,2.891476785198314910e-07,7.758193410265623591e-01,6.975442519122424766e-09,2.820749927784215773e-03,-2.338933004985498732e-08,9.999960216770086285e-01,-2.150822757776151561e-01,4.373043808821842904e-02,-1.699842791163294273e-02,3.976754350925445491e-01,-1.887677452088184771e-01,-4.692152551945926592e-02,-2.150805784456854275e-01,-4.373145445829736133e-02,1.699880066974448350e-02,3.976751699758674929e-01,-1.887692046528328949e-01,4.692258277126186428e-02,0.000000000000000000e+00,0.000000000000000000e+00,0.000000000000000000e+00,4.979999999999999982e-01,3.000000000000000444e-01,0.000000000000000000e+00,5.010000000000000009e-01,0.000000000000000000e+00,0.000000000000000000e+00,0.000000000000000000e+00,4.979999999999999982e-01,-3.000000000000000444e-01,0.000000000000000000e+00,5.010000000000000009e-01,0.000000000000000000e+00,0.000000000000000000e+00,0.000000000000000000e+00
-1.074128777882245311e-02,2.891476785198314910e-07,7.757350027508150836e-01,6.874350106166548725e-09,2.906342386538402541e-03,-2.305035746057930608e-08,9.999957765780471686e-01,-2.156985877926099748e-01,4.309652433998272664e-02,-1.675201250767864233e-02,3.992176070805310006e-01,-1.898570604078297364e-01,-4.624135120390388681e-02,-2.156969150596937390e-01,-4.309752598006051649e-02,1.675237986349871130e-02,3.992173458061246127e-01,-1.898584987004816038e-01,4.624239313321659717e-02,0.000000000000000000e+00,0.000000000000000000e+00,0.000000000000000000e+00,4.979999999999999982e-01,2.999999999999999889e-01,0.000000000000000000e+00,5.010000000000000009e-01,0.000000000000000000e+00,0.000000000000000000e+00,0.000000000000000000e+00,4.979999999999999982e-01,-2.999999999999999889e-01,0.000000000000000000e+00,5.010000000000000009e-01,0.000000000000000000e+00,0.000000000000000000e+00,0.000000000000000000e+00
-1.074128777882245311e-02,2.891476785198314910e-07,7.756506644750676971e-01,6.773257615445400841e-09,2.991934847201680684e-03,-2.271138461054918079e-08,9.999955241529182581e-01,-2.163148998076047935e-01,4.246261059174701730e-02,-1.650559710372433847e-02,4.007597790685174521e-01,-1.909463756068409679e-01,-4.556117688834851465e-02,-2.163132516737020228e-01,-4.246359750182366471e-02,1.650595905725293910e-02,4.007595216363817325e-01,-1.909477927481303405e-01,4.556220349517133006e-02,0.000000000000000000e+00,0.000000000000000000e+00,0.000000000000000000e+00,4.979999999999999982e-01,2.999999999999999889e-01,0.000000000000000000e+00,5.010000000000000009e-01,0.000000000000000000e+00,0.000000000000000000e+00,0.000000000000000000e+00,4.979999999999999982e-01,-2.999999999999999889e-01,0.000000000000000000e+00,5.010000000000000009e-01,0.000000000000000000e+00,0.000000000000000000e+00,0.000000000000000000e+00
-1.074128777882245311e-02,2.891476785198314910e-07,7.755663261993204216e-01,6.672165049180785759e-09,3.077527307892856216e-03,-2.237241150721453752e-08,9.999952644016213421e-01,-2.169312118225996400e-01,4.182869684351132183e-02,-1.625918169977004155e-02,4.023019510565040147e-01,-1.920356908058522549e-01,-4.488100257279314248e-02,-2.169295882877103343e-01,-4.182966902358681988e-02,1.625953825100717037e-02,4.023016974666389634e-01,-1.920370867957790773e-01,4.488201385712606989e-02,0.000000000000000000e+00,0.000000000000000000e+00,0.000000000000000000e+00,4.979999999999999982e-01,2.999999999999999889e-01,0.000000000000000000e+00,5.010000000000000009e-01,0.000000000000000000e+00,0.000000000000000000e+00,0.000000000000000000e+00,4.979999999999999982e-01,-2.999999999999999889e-01,0.000000000000000000e+00,5.010000000000000009e-01,0.000000000000000000e+00,0.000000000000000000e+00,0.000000000000000000e+00
-1.074128777882245311e-02,2.891476785198314910e-07,7.754819879235731461e-01,6.571072409594508121e-09,3.163119766730735152e-03,-2.203343815802530899e-08,9.999949973241570866e-01,-2.175475238375944864e-01,4.119478309527561943e-02,-1.601276629581574462e-02,4.038441230444904662e-01,-1.931250060048635420e-01,-4.420082825723777725e-02,-2.175459249017186736e-01,-4.119574054534998198e-02,1.601311744476139817e-02,4.038438732968961387e-01,-1.931263808434278417e-01,4.420182421908080972e-02,0.000000000000000000e+00,0.000000000000000000e+00,0.000000000000000000e+00,4.979999999999999982e-01,2.999999999999999889e-01,0.000000000000000000e+00,5.010000000000000009e-01,0.000000000000000000e+00,0.000000000000000000e+00,0.000000000000000000e+00,4.979999999999999982e-01,-2.999999999999999889e-01,0.000000000000000000e+00,5.010000000000000009e-01,0.000000000000000000e+00,0.000000000000000000e+00,0.000000000000000000e+00
-1.074128777882245311e-02,2.891476785198314910e-07,7.753976496478258706e-01,6.469979698908380844e-09,3.248712221834120905e-03,-2.169446457043143782e-08,9.999947229205258248e-01,-2.181638358525893051e-01,4.056086934703991703e-02,-1.576635089186144423e-02,4.053862950324769177e-01,-1.942143212038747735e-01,-4.352065394168239815e-02,-2.181622615157269574e-01,-4.056181206711313020e-02,1.576669663851562597e-02,4.053860491271532585e-01,-1.942156748910765784e-01,4.352163458103553567e-02,0.000000000000000000e+00,0.000000000000000000e+00,0.000000000000000000e+00,4.979999999999999982e-01,2.999999999999999889e-01,0.000000000000000000e+00,5.010000000000000009e-01,0.000000000000000000e+00,0.000000000000000000e+00,0.000000000000000000e+00,4.979999999999999982e-01,-2.999999999999999889e-01,0.000000000000000000e+00,5.010000000000000009e-01,0.000000000000000000e+00,0.000000000000000000e+00,0.000000000000000000e+00
-1.074128777882245311e-02,2.891476785198314910e-07,7.753133113720784841e-01,6.368886919344228423e-09,3.334304671321815586e-03,-2.135549075188291958e-08,9.999944411907289998e-01,-2.187801478675841516e-01,3.992695559880422157e-02,-1.551993548790714383e-02,4.069284670204633692e-01,-1.953036364028860605e-01,-4.284047962612703292e-02,-2.187785981297352689e-01,-3.992788358887629230e-02,1.552027583226985551e-02,4.069282249574104338e-01,-1.953049689387253152e-01,4.284144494299027550e-02,0.000000000000000000e+00,0.000000000000000000e+00,0.000000000000000000e+00,4.979999999999999982e-01,2.999999999999999889e-01,0.000000000000000000e+00,5.010000000000000009e-01,0.000000000000000000e+00,0.000000000000000000e+00,0.000000000000000000e+00,4.979999999999999982e-01,-2.999999999999999889e-01,0.000000000000000000e+00,5.010000000000000009e-01,0.000000000000000000e+00,0.000000000000000000e+00,0.000000000000000000e+00
-1.074128777882245311e-02,2.891476785198314910e-07,7.752289730963313197e-01,6.267794073123872046e-09,3.419897113312622174e-03,-2.101651670982973992e-08,9.999941521347681661e-01,-2.193964598825789425e-01,3.929304185056851917e-02,-1.527352008395284517e-02,4.084706390084499317e-01,-1.963929516018973198e-01,-4.216030531057166769e-02,-2.193949347437435526e-01,-3.929395511063944746e-02,1.527385502602408504e-02,4.084704007876676091e-01,-1.963942629863740519e-01,4.216125530494501533e-02,0.000000000000000000e+00,0.000000000000000000e+00,0.000000000000000000e+00,4.980000000000000537e-01,3.000000000000000444e-01,0.000000000000000000e+00,5.010000000000001119e-01,0.000000000000000000e+00,0.000000000000000000e+00,0.000000000000000000e+00,4.980000000000000537e-01,-3.000000000000000444e-01,0.000000000000000000e+00,5.010000000000001119e-01,0.000000000000000000e+00,0.000000000000000000e+00,0.000000000000000000e+00
-1.074128777882245311e-02,2.891476785198314910e-07,7.751446348205839332e-01,6.166701162469146135e-09,3.505489545925342346e-03,-2.067754245172191425e-08,9.999938557526456551e-01,-2.200127718975737889e-01,3.865912810233281677e-02,-1.502710467999854478e-02,4.100128109964363832e-01,-1.974822668009085791e-01,-4.148013099501628165e-02,-2.200112713577518642e-01,-3.866002663240259568e-02,1.502743421977831284e-02,4.100125766179247844e-01,-1.974835570340227608e-01,4.148106566689974822e-02,0.000000000000000000e+00,0.000000000000000000e+00,0.000000000000000000e+00,4.979999999999999982e-01,2.999999999999999889e-01,0.000000000000000000e+00,5.010000000000000009e-01,0.000000000000000000e+00,0.000000000000000000e+00,0.000000000000000000e+00,4.979999999999999982e-01,-2.999999999999999889e-01,0.000000000000000000e+00,5.010000000000000009e-01,0.000000000000000000e+00,0.000000000000000000e+00,0.000000000000000000e+00
-1.074128777882245311e-02,2.891476785198314910e-07,7.750602965448365467e-01,6.065608189601886767e-09,3.591081967278776915e-03,-2.033856798500947786e-08,9.999935520443637982e-01,-2.206290839125686076e-01,3.802521435409710743e-02,-1.478068927604424265e-02,4.115549829844228347e-01,-1.985715819999198384e-01,-4.079995667946090948e-02,-2.206276079717601757e-01,-3.802609815416574390e-02,1.478101341353253891e-02,4.115547524481819042e-01,-1.985728510816714976e-01,4.080087602885448111e-02,0.000000000000000000e+00,0.000000000000000000e+00,0.000000000000000000e+00,4.979999999999999982e-01,2.999999999999999889e-01,0.000000000000000000e+00,5.010000000000000009e-01,0.000000000000000000e+00,0.000000000000000000e+00,0.000000000000000000e+00,4.979999999999999982e-01,-2.999999999999999889e-01,0.000000000000000000e+00,5.010000000000000009e-01,0.000000000000000000e+00,0.000000000000000000e+00,0.000000000000000000e+00
-1.074128777882245311e-02,2.891476785198314910e-07,7.749759582690892712e-01,5.964515156743940773e-09,3.676674375491726689e-03,-1.999959331714249910e-08,9.999932410099261482e-01,-2.212453959275634541e-01,3.739130060586141197e-02,-1.453427387208994399e-02,4.130971549724092862e-01,-1.996608971989310977e-01,-4.011978236390553731e-02,-2.212439445857684872e-01,-3.739216967592890600e-02,1.453459260728677017e-02,4.130969282784390795e-01,-1.996621451293202343e-01,4.012068639080922094e-02,0.000000000000000000e+00,0.000000000000000000e+00,0.000000000000000000e+00,4.979999999999999982e-01,2.999999999999999889e-01,0.000000000000000000e+00,5.010000000000000009e-01,0.000000000000000000e+00,0.000000000000000000e+00,0.000000000000000000e+00,4.979999999999999982e-01,-2.999999999999999889e-01,0.000000000000000000e+00,5.010000000000000009e-01,0.000000000000000000e+00,0.000000000000000000e+00,0.000000000000000000e+00
-1.074128777882245311e-02,2.891476785198314910e-07,7.748916199933419957e-01,5.863422066117154153e-09,3.762266768682992479e-03,-1.966061845557102979e-08,9.999929226493359247e-01,-2.218617079425583005e-01,3.675738685762570956e-02,-1.428785846813564533e-02,4.146393269603958487e-01,-2.007502123979423847e-01,-3.943960804835017209e-02,-2.218602811997767987e-01,-3.675824119769206116e-02,1.428817180104099971e-02,4.146391041086962548e-01,-2.007514391769689988e-01,3.944049675276396077e-02,0.000000000000000000e+00,0.000000000000000000e+00,0.000000000000000000e+00,4.980000000000000537e-01,2.999999999999999889e-01,0.000000000000000000e+00,5.010000000000000009e-01,0.000000000000000000e+00,0.000000000000000000e+00,0.000000000000000000e+00,4.980000000000000537e-01,-2.999999999999999889e-01,0.000000000000000000e+00,5.010000000000000009e-01,0.000000000000000000e+00,0.000000000000000000e+00,0.000000000000000000e+00
-1.074128777882245311e-02,2.891476785198314910e-07,7.748072817175946092e-01,5.762328919943375394e-09,3.847859144971374230e-03,-1.932164340774516146e-08,9.999925969625974576e-01,-2.224780199575531192e-01,3.612347310939000716e-02,-1.404144306418134321e-02,4.161814989483822447e-01,-2.018395275969536162e-01,-3.875943373279479992e-02,-2.224766178137850825e-01,-3.612431271945521633e-02,1.404175099479522751e-02,4.161812799389533746e-01,-2.018407332246177077e-01,3.876030711471868673e-02,0.000000000000000000e+00,0.000000000000000000e+00,0.000000000000000000e+00,4.979999999999999982e-01,2.999999999999999334e-01,0.000000000000000000e+00,5.010000000000000009e-01,0.000000000000000000e+00,0.000000000000000000e+00,0.000000000000000000e+00,4.979999999999999982e-01,-2.999999999999999334e-01,0.000000000000000000e+00,5.010000000000000009e-01,0.000000000000000000e+00,0.000000000000000000e+00,0.000000000000000000e+00
-1.074128777882245311e-02,2.891476785198314910e-07,7.747229434418473337e-01,5.661235720444467041e-09,3.933451502475675786e-03,-1.898266818111499554e-08,9.999922639497154098e-01,-2.230943319725479379e-01,3.548955936115430476e-02,-1.379502766022704628e-02,4.177236709363687517e-01,-2.029288427959649033e-01,-3.807925941723942775e-02,-2.230929544277933940e-01,-3.549038424121836455e-02,1.379533018854945704e-02,4.177234557692105499e-01,-2.029300272722664444e-01,3.808011747667342656e-02,0.000000000000000000e+00,0.000000000000000000e+00,0.000000000000000000e+00,4.979999999999999982e-01,2.999999999999999889e-01,0.000000000000000000e+00,5.010000000000000009e-01,0.000000000000000000e+00,0.000000000000000000e+00,0.000000000000000000e+00,4.979999999999999982e-01,-2.999999999999999889e-01,0.000000000000000000e+00,5.010000000000000009e-01,0.000000000000000000e+00,0.000000000000000000e+00,0.000000000000000000e+00
-1.074128777882245311e-02,2.891476785198314910e-07,7.746386051661000582e-01,5.560142469842285850e-09,4.019043839314694923e-03,-1.864369278313064012e-08,9.999919236106945553e-01,-2.237106439875427843e-01,3.485564561291860930e-02,-1.354861225627274589e-02,4.192658429243552587e-01,-2.040181579949761626e-01,-3.739908510168406253e-02,-2.237092910418017055e-01,-3.485645576298152665e-02,1.354890938230368658e-02,4.192656315994677252e-01,-2.040193213199151812e-01,3.739992783862816639e-02,0.000000000000000000e+00,0.000000000000000000e+00,0.000000000000000000e+00,4.979999999999999982e-01,2.999999999999999889e-01,0.000000000000000000e+00,5.010000000000000009e-01,0.000000000000000000e+00,0.000000000000000000e+00,0.000000000000000000e+00,4.979999999999999982e-01,-2.999999999999999889e-01,0.000000000000000000e+00,5.010000000000000009e-01,0.000000000000000000e+00,0.000000000000000000e+00,0.000000000000000000e+00
-1.074128777882245311e-02,2.891476785198314910e-07,7.745542668903526717e-01,5.459049170358697678e-09,4.104636153607239824e-03,-1.830471722124221979e-08,9.999915759455406672e-01,-2.243269560025376030e-01,3.422173186468289996e-02,-1.330219685231844376e-02,4.208080149123417102e-01,-2.051074731939874218e-01,-3.671891078612868342e-02,-2.243256276558099893e-01,-3.422252728474468181e-02,1.330248857605791438e-02,4.208078074297249005e-01,-2.051086153675639179e-01,3.671973820058289234e-02,0.000000000000000000e+00,0.000000000000000000e+00,0.000000000000000000e+00,4.979999999999999982e-01,2.999999999999999889e-01,0.000000000000000000e+00,5.010000000000000009e-01,0.000000000000000000e+00,0.000000000000000000e+00,0.000000000000000000e+00,4.979999999999999982e-01,-2.999999999999999889e-01,0.000000000000000000e+00,5.010000000000000009e-01,0.000000000000000000e+00,0.000000000000000000e+00,0.000000000000000000e+00
-1.074128777882245311e-02,2.891476785198314910e-07,7.744699286146053963e-01,5.357955824215573341e-09,4.190228443472111299e-03,-1.796574150289988564e-08,9.999912209542597408e-01,-2.249432680175324217e-01,3.358781811644719756e-02,-1.305578144836414510e-02,4.223501869003281617e-01,-2.061967883929986811e-01,-3.603873647057331125e-02,-2.249419642698183008e-01,-3.358859880650783003e-02,1.305606776981214044e-02,4.223499832599819648e-01,-2.061979094152126546e-01,3.603954856253762523e-02,0.000000000000000000e+00,0.000000000000000000e+00,0.000000000000000000e+00,4.979999999999999982e-01,2.999999999999999334e-01,0.000000000000000000e+00,5.010000000000000009e-01,0.000000000000000000e+00,0.000000000000000000e+00,0.000000000000000000e+00,4.979999999999999982e-01,-2.999999999999999334e-01,0.000000000000000000e+00,5.010000000000000009e-01,0.000000000000000000e+00,0.000000000000000000e+00,0.000000000000000000e+00
-1.074128777882245311e-02,2.891476785198314910e-07,7.743855903388581208e-01,5.256862433634784485e-09,4.275820707028112760e-03,-1.762676563555378875e-08,9.999908586368582153e-01,-2.255595800325272682e-01,3.295390436821149516e-02,-1.280936604440984471e-02,4.238923588883146687e-01,-2.072861035920099404e-01,-3.535856215501793909e-02,-2.255583008838266124e-01,-3.295467032827099213e-02,1.280964696356637171e-02,4.238921590902391956e-01,-2.072872034628613913e-01,3.535935892449236506e-02,0.000000000000000000e+00,0.000000000000000000e+00,0.000000000000000000e+00,4.979999999999999982e-01,2.999999999999999889e-01,0.000000000000000000e+00,5.010000000000000009e-01,0.000000000000000000e+00,0.000000000000000000e+00,0.000000000000000000e+00,4.979999999999999982e-01,-2.999999999999999889e-01,0.000000000000000000e+00,5.010000000000000009e-01,0.000000000000000000e+00,0.000000000000000000e+00,0.000000000000000000e+00
-1.074128777882245311e-02,2.891476785198314910e-07,7.743012520631107343e-01,5.155769000838206893e-09,4.361412942394055428e-03,-1.728778962665408350e-08,9.999904889933431962e-01,-2.261758920475220869e-01,3.231999061997579969e-02,-1.256295064045554778e-02,4.254345308763011202e-01,-2.083754187910211997e-01,-3.467838783946257386e-02,-2.261746374978349239e-01,-3.232074185003414035e-02,1.256322615732060125e-02,4.254343349204963154e-01,-2.083764975105101280e-01,3.467916928644710489e-02,0.000000000000000000e+00,0.000000000000000000e+00,0.000000000000000000e+00,4.979999999999999982e-01,2.999999999999999889e-01,0.000000000000000000e+00,5.010000000000000009e-01,0.000000000000000000e+00,0.000000000000000000e+00,0.000000000000000000e+00,4.979999999999999982e-01,-2.999999999999999889e-01,0.000000000000000000e+00,5.010000000000000009e-01,0.000000000000000000e+00,0.000000000000000000e+00,0.000000000000000000e+00
-1.074128777882245311e-02,2.891476785198314910e-07,7.742169137873633478e-01,5.054675528047718825e-09,4.447005147688743582e-03,-1.694881348365095076e-08,9.999901120237220109e-01,-2.267922040625169056e-01,3.168607687174009729e-02,-1.231653523650124565e-02,4.269767028642875717e-01,-2.094647339900324590e-01,-3.399821352390719476e-02,-2.267909741118432077e-01,-3.168681337179729551e-02,1.231680535107482731e-02,4.269765107507534907e-01,-2.094657915581588647e-01,3.399897964840183778e-02,0.000000000000000000e+00,0.000000000000000000e+00,0.000000000000000000e+00,4.979999999999999982e-01,2.999999999999999889e-01,0.000000000000000000e+00,5.010000000000000009e-01,0.000000000000000000e+00,0.000000000000000000e+00,0.000000000000000000e+00,4.979999999999999982e-01,-2.999999999999999889e-01,0.000000000000000000e+00,5.010000000000000009e-01,0.000000000000000000e+00,0.000000000000000000e+00,0.000000000000000000e+00
-1.074128777882245311e-02,2.891476785198314910e-07,7.741325755116161833e-01,4.953582017485201855e-09,4.532597321030988440e-03,-1.660983721399457138e-08,9.999897277280027641e-01,-2.274085160775117520e-01,3.105216312350439836e-02,-1.207011983254694699e-02,4.285188748522741342e-01,-2.105540491890437460e-01,-3.331803920835182259e-02,-2.274073107258515192e-01,-3.105288489356045414e-02,1.207038454482905858e-02,4.285186865810106660e-01,-2.105550856058076015e-01,3.331879001035657761e-02,0.000000000000000000e+00,0.000000000000000000e+00,0.000000000000000000e+00,4.979999999999999982e-01,2.999999999999999889e-01,0.000000000000000000e+00,5.010000000000000009e-01,0.000000000000000000e+00,0.000000000000000000e+00,0.000000000000000000e+00,4.979999999999999982e-01,-2.999999999999999889e-01,0.000000000000000000e+00,5.010000000000000009e-01,0.000000000000000000e+00,0.000000000000000000e+00,0.000000000000000000e+00
-1.074128777882245311e-02,2.891476785198314910e-07,7.740482372358687968e-01,4.852488471372540035e-09,4.618189460539603823e-03,-1.627086082513513283e-08,9.999893361061938934e-01,-2.280248280925065985e-01,3.041824937526869249e-02,-1.182370442859264660e-02,4.300610468402605857e-01,-2.116433643880550330e-01,-3.263786489279645042e-02,-2.280236473398598585e-01,-3.041895641532360237e-02,1.182396373858328464e-02,4.300608624112678413e-01,-2.116443796534563382e-01,3.263860037231131050e-02,0.000000000000000000e+00,0.000000000000000000e+00,0.000000000000000000e+00,4.979999999999999982e-01,2.999999999999999889e-01,0.000000000000000000e+00,5.010000000000000009e-01,0.000000000000000000e+00,0.000000000000000000e+00,0.000000000000000000e+00,4.979999999999999982e-01,-2.999999999999999889e-01,0.000000000000000000e+00,5.010000000000000009e-01,0.000000000000000000e+00,0.000000000000000000e+00,0.000000000000000000e+00
-1.074128777882245311e-02,2.891476785198314910e-07,7.739638989601215213e-01,4.751394891931619072e-09,4.703781564333401818e-03,-1.593188432452283914e-08,9.999889371583041697e-01,-2.286411401075014171e-01,2.978433562703299356e-02,-1.157728902463834621e-02,4.316032188282470372e-01,-2.127326795870662646e-01,-3.195769057724107826e-02,-2.286399839538681422e-01,-2.978502793708676100e-02,1.157754293233751591e-02,4.316030382415249611e-01,-2.127336737011050749e-01,3.195841073426605033e-02,0.000000000000000000e+00,0.000000000000000000e+00,0.000000000000000000e+00,4.979999999999999982e-01,2.999999999999999889e-01,0.000000000000000000e+00,5.010000000000000009e-01,0.000000000000000000e+00,0.000000000000000000e+00,0.000000000000000000e+00,4.979999999999999982e-01,-2.999999999999999889e-01,0.000000000000000000e+00,5.010000000000000009e-01,0.000000000000000000e+00,0.000000000000000000e+00,0.000000000000000000e+00
-1.074128777882245311e-02,2.891476785198314910e-07,7.738795606843742458e-01,4.650301281384329638e-09,4.789373630531200583e-03,-1.559290771960789432e-08,9.999885308843431408e-01,-2.292574521224962358e-01,2.915042187879729463e-02,-1.133087362068404928e-02,4.331453908162334887e-01,-2.138219947860775516e-01,-3.127751626168571303e-02,-2.292563205678764260e-01,-2.915109945884991963e-02,1.133112212609174371e-02,4.331452140717820809e-01,-2.138229677487538116e-01,3.127822109622079016e-02,0.000000000000000000e+00,0.000000000000000000e+00,0.000000000000000000e+00,4.979999999999999982e-01,2.999999999999999889e-01,0.000000000000000000e+00,5.010000000000000009e-01,0.000000000000000000e+00,0.000000000000000000e+00,0.000000000000000000e+00,4.979999999999999982e-01,-2.999999999999999889e-01,0.000000000000000000e+00,5.010000000000000009e-01,0.000000000000000000e+00,0.000000000000000000e+00,0.000000000000000000e+00
-1.074128777882245311e-02,2.891476785198314910e-07,7.737952224086268593e-01,4.549207641952559094e-09,4.874965657251819143e-03,-1.525393101784050570e-08,9.999881172843206878e-01,-2.298737641374910823e-01,2.851650813056159223e-02,-1.108445821672974715e-02,4.346875628042199957e-01,-2.149113099850887831e-01,-3.059734194613033739e-02,-2.298726571818847653e-01,-2.851717098061306785e-02,1.108470131984597325e-02,4.346873899020392562e-01,-2.149122617964025483e-01,3.059803145817551612e-02,0.000000000000000000e+00,0.000000000000000000e+00,0.000000000000000000e+00,4.979999999999999982e-01,2.999999999999999889e-01,0.000000000000000000e+00,5.010000000000000009e-01,0.000000000000000000e+00,0.000000000000000000e+00,0.000000000000000000e+00,4.979999999999999982e-01,-2.999999999999999889e-01,0.000000000000000000e+00,5.010000000000000009e-01,0.000000000000000000e+00,0.000000000000000000e+00,0.000000000000000000e+00
-1.074128777882245311e-02,2.891476785198314910e-07,7.737108841328796949e-01,4.448113975858200592e-09,4.960557642614079991e-03,-1.491495422667089054e-08,9.999876963582471356e-01,-2.304900761524859010e-01,2.788259438232589330e-02,-1.083804281277544850e-02,4.362297347922065027e-01,-2.160006251841000702e-01,-2.991716763057496870e-02,-2.304889937958930490e-01,-2.788324250237622648e-02,1.083828051360020105e-02,4.362295657322964870e-01,-2.160015558440512851e-01,2.991784182013025595e-02,0.000000000000000000e+00,0.000000000000000000e+00,0.000000000000000000e+00,4.979999999999999982e-01,2.999999999999999889e-01,0.000000000000000000e+00,5.010000000000000009e-01,0.000000000000000000e+00,0.000000000000000000e+00,0.000000000000000000e+00,4.979999999999999982e-01,-2.999999999999999889e-01,0.000000000000000000e+00,5.010000000000000009e-01,0.000000000000000000e+00,0.000000000000000000e+00,0.000000000000000000e+00
-1.074128777882245311e-02,2.891476785198314910e-07,7.736265458571323084e-01,4.347020285323147284e-09,5.046149584736809093e-03,-1.457597735354927767e-08,9.999872681061335866e-01,-2.311063881674807474e-01,2.724868063409018742e-02,-1.059162740882114810e-02,4.377719067801929542e-01,-2.170899403831113295e-01,-2.923699331501959306e-02,-2.311053304099013883e-01,-2.724931402413937470e-02,1.059185970735442885e-02,4.377717415625536068e-01,-2.170908498917000218e-01,2.923765218208498884e-02,0.000000000000000000e+00,0.000000000000000000e+00,0.000000000000000000e+00,4.979999999999999982e-01,2.999999999999999889e-01,0.000000000000000000e+00,5.010000000000000009e-01,0.000000000000000000e+00,0.000000000000000000e+00,0.000000000000000000e+00,4.979999999999999982e-01,-2.999999999999999889e-01,0.000000000000000000e+00,5.010000000000000009e-01,0.000000000000000000e+00,0.000000000000000000e+00,0.000000000000000000e+00
-1.074128777882245311e-02,2.891476785198314910e-07,7.735422075813850329e-01,4.245926572569293149e-09,5.131741481738834147e-03,-1.423700040592588600e-08,9.999868325279910319e-01,-2.317227001824755661e-01,2.661476688585448849e-02,-1.034521200486684771e-02,4.393140787681794612e-01,-2.181792555821225887e-01,-2.855681899946422436e-02,-2.317216670239096721e-01,-2.661538554590253333e-02,1.034543890110865838e-02,4.393139173928107821e-01,-2.181801439393487585e-01,2.855746254403972173e-02,0.000000000000000000e+00,0.000000000000000000e+00,0.000000000000000000e+00,4.979999999999999982e-01,2.999999999999999889e-01,0.000000000000000000e+00,5.010000000000000009e-01,0.000000000000000000e+00,0.000000000000000000e+00,0.000000000000000000e+00,4.979999999999999982e-01,-2.999999999999999889e-01,0.000000000000000000e+00,5.010000000000000009e-01,0.000000000000000000e+00,0.000000000000000000e+00,0.000000000000000000e+00
-1.074128777882245311e-02,2.891476785198314910e-07,7.734578693056377574e-01,4.144832839818534649e-09,5.217333331738988923e-03,-1.389802339125094933e-08,9.999863896238315730e-01,-2.323390121974704126e-01,2.598085313761878956e-02,-1.009879660091255078e-02,4.408562507561659127e-01,-2.192685707811338480e-01,-2.787664468390885567e-02,-2.323380036379179836e-01,-2.598145706766569196e-02,1.009901809486288791e-02,4.408560932230679574e-01,-2.192694379869974952e-01,2.787727290599446156e-02,0.000000000000000000e+00,0.000000000000000000e+00,0.000000000000000000e+00,4.979999999999999982e-01,2.999999999999999889e-01,0.000000000000000000e+00,5.010000000000000009e-01,0.000000000000000000e+00,0.000000000000000000e+00,0.000000000000000000e+00,4.979999999999999982e-01,-2.999999999999999889e-01,0.000000000000000000e+00,5.010000000000000009e-01,0.000000000000000000e+00,0.000000000000000000e+00,0.000000000000000000e+00
-1.074128777882245311e-02,2.891476785198314910e-07,7.733735310298903709e-01,4.043739089292762454e-09,5.302925132856110661e-03,-1.355904631697468325e-08,9.999859393936672003e-01,-2.329553242124652312e-01,2.534693938938308369e-02,-9.852381196958248655e-03,4.423984227441524197e-01,-2.203578859801451073e-01,-2.719647036835348003e-02,-2.329543402519262951e-01,-2.534752858942884018e-02,9.852597288617115714e-03,4.423982690533251327e-01,-2.203587320346462319e-01,2.719708326794919445e-02,0.000000000000000000e+00,0.000000000000000000e+00,0.000000000000000000e+00,4.979999999999999982e-01,2.999999999999999889e-01,0.000000000000000000e+00,5.010000000000000009e-01,0.000000000000000000e+00,0.000000000000000000e+00,0.000000000000000000e+00,4.979999999999999982e-01,-2.999999999999999889e-01,0.000000000000000000e+00,5.010000000000000009e-01,0.000000000000000000e+00,0.000000000000000000e+00,0.000000000000000000e+00
-1.074128777882245311e-02,2.891476785198314910e-07,7.732891927541429844e-01,3.942645323213878815e-09,5.388516883209035734e-03,-1.322006919054733480e-08,9.999854818375110144e-01,-2.335716362274600499e-01,2.471302564114738476e-02,-9.605965793003949996e-03,4.439405947321388712e-01,-2.214472011791563666e-01,-2.651629605279811133e-02,-2.335706768659345789e-01,-2.471360011119200228e-02,9.606176482371345249e-03,4.439404448835822525e-01,-2.214480260822949687e-01,2.651689362990393428e-02,0.000000000000000000e+00,0.000000000000000000e+00,0.000000000000000000e+00,4.979999999999999982e-01,2.999999999999999889e-01,0.000000000000000000e+00,5.010000000000000009e-01,0.000000000000000000e+00,0.000000000000000000e+00,0.000000000000000000e+00,4.979999999999999982e-01,-2.999999999999999889e-01,0.000000000000000000e+00,5.010000000000000009e-01,0.000000000000000000e+00,0.000000000000000000e+00,0.000000000000000000e+00
-1.074128777882245311e-02,2.891476785198314910e-07,7.732048544783958199e-01,3.841551543803776057e-09,5.474108580916613523e-03,-1.288109201941912785e-08,9.999850169553763379e-01,-2.341879482424549241e-01,2.407911189291167889e-02,-9.359550389049649602e-03,4.454827667201253227e-01,-2.225365163781676259e-01,-2.583612173724273570e-02,-2.341870134799428904e-01,-2.407967163295515051e-02,9.359755676125571314e-03,4.454826207138394278e-01,-2.225373201299437054e-01,2.583670399185866717e-02,0.000000000000000000e+00,0.000000000000000000e+00,0.000000000000000000e+00,4.979999999999999982e-01,2.999999999999999889e-01,0.000000000000000000e+00,5.010000000000000009e-01,0.000000000000000000e+00,0.000000000000000000e+00,0.000000000000000000e+00,4.979999999999999982e-01,-2.999999999999999889e-01,0.000000000000000000e+00,5.010000000000000009e-01,0.000000000000000000e+00,0.000000000000000000e+00,0.000000000000000000e+00
-1.074128777882245311e-02,2.891476785198314910e-07,7.731205162026484334e-01,3.740457753284351468e-09,5.559700224097685606e-03,-1.254211481104029124e-08,9.999845447472766047e-01,-2.348042602574497151e-01,2.344519814467597996e-02,-9.113134985095349208e-03,4.470249387081117742e-01,-2.236258315771789129e-01,-2.515594742168737047e-02,-2.348033500939512019e-01,-2.344574315471830914e-02,9.113334869879802583e-03,4.470247965440965476e-01,-2.236266141775924421e-01,2.515651435381340353e-02,0.000000000000000000e+00,0.000000000000000000e+00,0.000000000000000000e+00,4.979999999999999982e-01,2.999999999999999889e-01,0.000000000000000000e+00,5.010000000000000009e-01,0.000000000000000000e+00,0.000000000000000000e+00,0.000000000000000000e+00,4.979999999999999982e-01,-2.999999999999999889e-01,0.000000000000000000e+00,5.010000000000000009e-01,0.000000000000000000e+00,0.000000000000000000e+00,0.000000000000000000e+00
-1.074128777882245311e-02,2.891476785198314910e-07,7.730361779269011580e-01,3.639363953877498613e-09,5.645291810871110906e-03,-1.220313757286105710e-08,9.999840652132262475e-01,-2.354205722724445615e-01,2.281128439644027409e-02,-8.866719581141048814e-03,4.485671106960982812e-01,-2.247151467761901722e-01,-2.447577310613199136e-02,-2.354196867079595135e-01,-2.281181467648146083e-02,8.866914063634028648e-03,4.485669723743537229e-01,-2.247159082252411788e-01,2.447632471576813296e-02,0.000000000000000000e+00,0.000000000000000000e+00,0.000000000000000000e+00,4.979999999999999982e-01,2.999999999999999889e-01,0.000000000000000000e+00,5.010000000000000009e-01,0.000000000000000000e+00,0.000000000000000000e+00,0.000000000000000000e+00,4.979999999999999982e-01,-2.999999999999999889e-01,0.000000000000000000e+00,5.010000000000000009e-01,0.000000000000000000e+00,0.000000000000000000e+00,0.000000000000000000e+00
-1.074128777882245311e-02,2.891476785198314910e-07,7.729518396511538825e-01,3.538270147805114781e-09,5.730883339355744878e-03,-1.186416031233165427e-08,9.999835783532400324e-01,-2.360368842874394080e-01,2.217737064820457515e-02,-8.620304177186750155e-03,4.501092826840847883e-01,-2.258044619752014315e-01,-2.379559879057662267e-02,-2.360360233219677972e-01,-2.217788619824461599e-02,8.620493257388259917e-03,4.501091482046108982e-01,-2.258052022728898878e-01,2.379613507772287279e-02,0.000000000000000000e+00,0.000000000000000000e+00,0.000000000000000000e+00,4.979999999999999982e-01,2.999999999999999889e-01,0.000000000000000000e+00,5.010000000000000009e-01,0.000000000000000000e+00,0.000000000000000000e+00,0.000000000000000000e+00,4.979999999999999982e-01,-2.999999999999999889e-01,0.000000000000000000e+00,5.010000000000000009e-01,0.000000000000000000e+00,0.000000000000000000e+00,0.000000000000000000e+00
-1.074128777882245311e-02,2.891476785198314910e-07,7.728675013754066070e-01,3.437176337289092710e-09,5.816474807670450782e-03,-1.152518303690230497e-08,9.999830841673330584e-01,-2.366531963024342544e-01,2.154345689996887622e-02,-8.373888773232451496e-03,4.516514546720712953e-01,-2.268937771742126630e-01,-2.311542447502125397e-02,-2.366523599359761088e-01,-2.154395772000777462e-02,8.374072451142489451e-03,4.516513240348680736e-01,-2.268944963205386245e-01,2.311594543967761262e-02,0.000000000000000000e+00,0.000000000000000000e+00,0.000000000000000000e+00,4.979999999999999982e-01,2.999999999999999889e-01,0.000000000000000000e+00,5.010000000000000009e-01,0.000000000000000000e+00,0.000000000000000000e+00,0.000000000000000000e+00,4.979999999999999982e-01,-2.999999999999999889e-01,0.000000000000000000e+00,5.010000000000000009e-01,0.000000000000000000e+00,0.000000000000000000e+00,0.000000000000000000e+00
-1.074128777882245311e-02,2.891476785198314910e-07,7.727831630996592205e-01,3.336082524551323898e-09,5.902066213934096216e-03,-1.118620575402322646e-08,9.999825826555210906e-01,-2.372695083174290454e-01,2.090954315173317382e-02,-8.127473369278151102e-03,4.531936266600577468e-01,-2.279830923732239500e-01,-2.243525015946587833e-02,-2.372686965499844203e-01,-2.091002924177092284e-02,8.127651644896717251e-03,4.531934998651252489e-01,-2.279837903681873612e-01,2.243575580163234551e-02,0.000000000000000000e+00,0.000000000000000000e+00,0.000000000000000000e+00,4.979999999999999982e-01,2.999999999999999889e-01,0.000000000000000000e+00,5.010000000000000009e-01,0.000000000000000000e+00,0.000000000000000000e+00,0.000000000000000000e+00,4.979999999999999982e-01,-2.999999999999999889e-01,0.000000000000000000e+00,5.010000000000000009e-01,0.000000000000000000e+00,0.000000000000000000e+00,0.000000000000000000e+00
-1.074128777882245311e-02,2.891476785198314910e-07,7.726988248239119450e-01,3.234988711813702738e-09,5.987657556265554848e-03,-1.084722847114464094e-08,9.999820738178203383e-01,-2.378858203324238918e-01,2.027562940349747489e-02,-7.881057965323852443e-03,4.547357986480442538e-01,-2.290724075722352093e-01,-2.175507584391050964e-02,-2.378850331639927040e-01,-2.027610076353408147e-02,7.881230838650946785e-03,4.547356756953823687e-01,-2.290730844158360979e-01,2.175556616358708187e-02,0.000000000000000000e+00,0.000000000000000000e+00,0.000000000000000000e+00,4.979999999999999982e-01,2.999999999999999889e-01,0.000000000000000000e+00,5.010000000000000009e-01,0.000000000000000000e+00,0.000000000000000000e+00,0.000000000000000000e+00,4.979999999999999982e-01,-2.999999999999999889e-01,0.000000000000000000e+00,5.010000000000000009e-01,0.000000000000000000e+00,0.000000000000000000e+00,0.000000000000000000e+00
-1.074128777882245311e-02,2.891476785198314910e-07,7.726144865481646695e-01,3.133894901298116178e-09,6.073248832783706419e-03,-1.050825119571675410e-08,9.999815576542474549e-01,-2.385021323474187382e-01,1.964171565526176902e-02,-7.634642561369550315e-03,4.562779706360307053e-01,-2.301617227712464686e-01,-2.107490152835513400e-02,-2.385013697780010156e-01,-1.964217228529723316e-02,7.634810032405173717e-03,4.562778515256395440e-01,-2.301623784634848346e-01,2.107537652554181476e-02,0.000000000000000000e+00,0.000000000000000000e+00,0.000000000000000000e+00,4.979999999999999982e-01,2.999999999999999889e-01,0.000000000000000000e+00,5.010000000000000009e-01,0.000000000000000000e+00,0.000000000000000000e+00,0.000000000000000000e+00,4.979999999999999982e-01,-2.999999999999999889e-01,0.000000000000000000e+00,5.010000000000000009e-01,0.000000000000000000e+00,0.000000000000000000e+00,0.000000000000000000e+00
-1.074128777882245311e-02,2.891476785198314910e-07,7.725301482724172830e-01,3.032801095226454474e-09,6.158840041607431537e-03,-1.016927393518977160e-08,9.999810341648194267e-01,-2.391184443624135292e-01,1.900780190702607009e-02,-7.388227157415252523e-03,4.578201426240171568e-01,-2.312510379702577556e-01,-2.039472721279976530e-02,-2.391177063920093271e-01,-1.900824380706038833e-02,7.388389226159403252e-03,4.578200273558967193e-01,-2.312516725111335991e-01,2.039518688749655112e-02,0.000000000000000000e+00,0.000000000000000000e+00,0.000000000000000000e+00,4.979999999999999982e-01,2.999999999999999889e-01,0.000000000000000000e+00,5.010000000000000009e-01,0.000000000000000000e+00,0.000000000000000000e+00,0.000000000000000000e+00,4.979999999999999982e-01,-2.999999999999999889e-01,0.000000000000000000e+00,5.010000000000000009e-01,0.000000000000000000e+00,0.000000000000000000e+00,0.000000000000000000e+00
-1.074128777882245311e-02,2.891476785198314910e-07,7.724458099966700075e-01,2.931707295820601681e-09,6.244431180855625554e-03,-9.830296697013887544e-09,9.999805033495539064e-01,-2.397347563774084034e-01,1.837388815879036422e-02,-7.141811753460950395e-03,4.593623146120036638e-01,-2.323403531692690427e-01,-1.971455289724438967e-02,-2.397340430060176386e-01,-1.837431532882354349e-02,7.141968419913630184e-03,4.593622031861538391e-01,-2.323409665587823358e-01,1.971499724945128401e-02,0.000000000000000000e+00,0.000000000000000000e+00,0.000000000000000000e+00,4.979999999999999982e-01,2.999999999999999889e-01,0.000000000000000000e+00,5.010000000000000009e-01,0.000000000000000000e+00,0.000000000000000000e+00,0.000000000000000000e+00,4.979999999999999982e-01,-2.999999999999999889e-01,0.000000000000000000e+00,5.010000000000000009e-01,0.000000000000000000e+00,0.000000000000000000e+00,0.000000000000000000e+00
-1.074128777882245311e-02,2.891476785198314910e-07,7.723614717209226210e-01,2.830613505302443505e-09,6.330022248647183825e-03,-9.491319488639304291e-09,9.999799652084693236e-01,-2.403510683924032221e-01,1.773997441055466529e-02,-6.895396349506651736e-03,4.609044865999901153e-01,-2.334296683682802742e-01,-1.903437858168902097e-02,-2.403503796200259224e-01,-1.774038685058669865e-02,6.895547613667859718e-03,4.609043790164110144e-01,-2.334302606064310726e-01,1.903480761140602384e-02,0.000000000000000000e+00,0.000000000000000000e+00,0.000000000000000000e+00,4.979999999999999982e-01,2.999999999999999889e-01,0.000000000000000000e+00,5.010000000000000009e-01,0.000000000000000000e+00,0.000000000000000000e+00,0.000000000000000000e+00,4.979999999999999982e-01,-2.999999999999999889e-01,0.000000000000000000e+00,5.010000000000000009e-01,0.000000000000000000e+00,0.000000000000000000e+00,0.000000000000000000e+00
-1.074128777882245311e-02,2.891476785198314910e-07,7.722771334451754566e-01,2.729519725893859451e-09,6.415613243101007772e-03,-9.152342317516189465e-09,9.999794197415838859e-01,-2.409673804073980685e-01,1.710606066231896635e-02,-6.648980945552353077e-03,4.624466585879765668e-01,-2.345189835672915335e-01,-1.835420426613365227e-02,-2.409667162340342617e-01,-1.710645837234985728e-02,6.649126807422090120e-03,4.624465548466681897e-01,-2.345195546540798093e-01,1.835461797336076020e-02,0.000000000000000000e+00,0.000000000000000000e+00,0.000000000000000000e+00,4.979999999999999982e-01,2.999999999999999889e-01,0.000000000000000000e+00,5.010000000000000009e-01,0.000000000000000000e+00,0.000000000000000000e+00,0.000000000000000000e+00,4.979999999999999982e-01,-2.999999999999999889e-01,0.000000000000000000e+00,5.010000000000000009e-01,0.000000000000000000e+00,0.000000000000000000e+00,0.000000000000000000e+00
-1.074128777882245311e-02,2.891476785198314910e-07,7.721927951694280701e-01,2.628425959816727780e-09,6.501204162336010964e-03,-8.813365191094712343e-09,9.999788669489168003e-01,-2.415836924223928872e-01,1.647214691408326048e-02,-6.402565541598052683e-03,4.639888305759630738e-01,-2.356082987663028205e-01,-1.767402995057827664e-02,-2.415830528480425454e-01,-1.647252989411300550e-02,6.402706001176317052e-03,4.639887306769253095e-01,-2.356088487017285460e-01,1.767442833531549309e-02,0.000000000000000000e+00,0.000000000000000000e+00,0.000000000000000000e+00,4.979999999999999982e-01,2.999999999999999889e-01,0.000000000000000000e+00,5.010000000000000009e-01,0.000000000000000000e+00,0.000000000000000000e+00,0.000000000000000000e+00,4.979999999999999982e-01,-2.999999999999999889e-01,0.000000000000000000e+00,5.010000000000000009e-01,0.000000000000000000e+00,0.000000000000000000e+00,0.000000000000000000e+00
-1.074128777882245311e-02,2.891476785198314910e-07,7.721084568936807946e-01,2.527332209292924275e-09,6.586795004471107835e-03,-8.474388116825047167e-09,9.999783068304877176e-01,-2.422000044373877059e-01,1.583823316584756155e-02,-6.156150137643753156e-03,4.655310025639495253e-01,-2.366976139653140798e-01,-1.699385563502290794e-02,-2.421993894620508292e-01,-1.583860141587616413e-02,6.156285194930547454e-03,4.655309065071824848e-01,-2.366981427493772827e-01,1.699423869727022945e-02,0.000000000000000000e+00,0.000000000000000000e+00,0.000000000000000000e+00,4.979999999999999982e-01,2.999999999999999889e-01,0.000000000000000000e+00,5.010000000000000009e-01,0.000000000000000000e+00,0.000000000000000000e+00,0.000000000000000000e+00,4.979999999999999982e-01,-2.999999999999999889e-01,0.000000000000000000e+00,5.010000000000000009e-01,0.000000000000000000e+00,0.000000000000000000e+00,0.000000000000000000e+00
-1.074128777882245311e-02,2.891476785198314910e-07,7.720241186179335191e-01,2.426238476544318513e-09,6.672385767625221495e-03,-8.135411102157330125e-09,9.999777393863163999e-01,-2.428163164523825523e-01,1.520431941761185915e-02,-5.909734733689451895e-03,4.670731745519360878e-01,-2.377869291643253391e-01,-1.631368131946753230e-02,-2.428157260760591685e-01,-1.520467293763931409e-02,5.909864388684774386e-03,4.670730823374397156e-01,-2.377874367970260194e-01,1.631404905922496235e-02,0.000000000000000000e+00,0.000000000000000000e+00,0.000000000000000000e+00,4.979999999999999982e-01,2.999999999999999889e-01,0.000000000000000000e+00,5.010000000000000009e-01,0.000000000000000000e+00,0.000000000000000000e+00,0.000000000000000000e+00,4.979999999999999982e-01,-2.999999999999999889e-01,0.000000000000000000e+00,5.010000000000000009e-01,0.000000000000000000e+00,0.000000000000000000e+00,0.000000000000000000e+00
-1.074128777882245311e-02,2.891476785198314910e-07,7.719397803421861326e-01,2.325144763792781725e-09,6.757976449917284592e-03,-7.796434154541707335e-09,9.999771646164238303e-01,-2.434326284673773710e-01,1.457040566937616022e-02,-5.663319329735153236e-03,4.686153465399225393e-01,-2.388762443633365984e-01,-1.563350700391216361e-02,-2.434320626900674522e-01,-1.457074445940247272e-02,5.663443582439003920e-03,4.686152581676968354e-01,-2.388767308446747284e-01,1.563385942117970218e-02,0.000000000000000000e+00,0.000000000000000000e+00,0.000000000000000000e+00,4.979999999999999982e-01,2.999999999999999889e-01,0.000000000000000000e+00,5.010000000000000009e-01,0.000000000000000000e+00,0.000000000000000000e+00,0.000000000000000000e+00,4.979999999999999982e-01,-2.999999999999999889e-01,0.000000000000000000e+00,5.010000000000000009e-01,0.000000000000000000e+00,0.000000000000000000e+00,0.000000000000000000e+00
-1.074128777882245311e-02,2.891476785198314910e-07,7.718554420664388571e-01,2.224051073260176871e-09,6.843567049466232378e-03,-7.457457281428303407e-09,9.999765825208305481e-01,-2.440489404823721897e-01,1.393649192114046129e-02,-5.416903925780855444e-03,4.701575185279089908e-01,-2.399655595623478577e-01,-1.495333268835679491e-02,-2.440483993040757915e-01,-1.393681598116562961e-02,5.417022776193233455e-03,4.701574339979539552e-01,-2.399660248923234651e-01,1.495366978313444027e-02,0.000000000000000000e+00,0.000000000000000000e+00,0.000000000000000000e+00,4.979999999999999982e-01,2.999999999999999889e-01,0.000000000000000000e+00,5.010000000000000009e-01,0.000000000000000000e+00,0.000000000000000000e+00,0.000000000000000000e+00,4.979999999999999982e-01,-2.999999999999999889e-01,0.000000000000000000e+00,5.010000000000000009e-01,0.000000000000000000e+00,0.000000000000000000e+00,0.000000000000000000e+00
-1.074128777882245311e-02,2.891476785198314910e-07,7.717711037906914706e-01,2.122957407168363190e-09,6.929157564391017453e-03,-7.118480490267223924e-09,9.999759930995582025e-01,-2.446652524973670362e-01,1.330257817290475542e-02,-5.170488521826554183e-03,4.716996905158954423e-01,-2.410548747613591170e-01,-1.427315837280141927e-02,-2.446647359180840753e-01,-1.330288750292877957e-02,5.170601969947461254e-03,4.716996098282111305e-01,-2.410553189399722018e-01,1.427348014508917143e-02,0.000000000000000000e+00,0.000000000000000000e+00,0.000000000000000000e+00,4.979999999999999982e-01,2.999999999999999889e-01,0.000000000000000000e+00,5.010000000000000009e-01,0.000000000000000000e+00,0.000000000000000000e+00,0.000000000000000000e+00,4.979999999999999982e-01,-2.999999999999999889e-01,0.000000000000000000e+00,5.010000000000000009e-01,0.000000000000000000e+00,0.000000000000000000e+00,0.000000000000000000e+00
-1.074128777882245311e-02,2.891476785198314910e-07,7.716867655149441951e-01,2.021863767739198679e-09,7.014747992810586343e-03,-6.779503788508572817e-09,9.999753963526288869e-01,-2.452815645123618826e-01,1.266866442466905648e-02,-4.924073117872254657e-03,4.732418625038819493e-01,-2.421441899603703762e-01,-1.359298405724605058e-02,-2.452810725320923868e-01,-1.266895902469193820e-02,4.924181163701690789e-03,4.732417856584683058e-01,-2.421446129876209385e-01,1.359329050704390952e-02,0.000000000000000000e+00,0.000000000000000000e+00,0.000000000000000000e+00,4.979999999999999982e-01,2.999999999999999889e-01,0.000000000000000000e+00,5.010000000000000009e-01,0.000000000000000000e+00,0.000000000000000000e+00,0.000000000000000000e+00,4.979999999999999982e-01,-2.999999999999999889e-01,0.000000000000000000e+00,5.010000000000000009e-01,0.000000000000000000e+00,0.000000000000000000e+00,0.000000000000000000e+00
-1.074128777882245311e-02,2.891476785198314910e-07,7.716024272391968086e-01,1.920770157194533475e-09,7.100338332843906392e-03,-6.440527183602425065e-09,9.999747922800650279e-01,-2.458978765273567013e-01,1.203475067643335061e-02,-4.677657713917953396e-03,4.747840344918684008e-01,-2.432335051593816355e-01,-1.291280974169067321e-02,-2.458974091461006983e-01,-1.203503054645508816e-02,4.677760357455918588e-03,4.747839614887254811e-01,-2.432339070352696753e-01,1.291310086899864068e-02,0.000000000000000000e+00,0.000000000000000000e+00,0.000000000000000000e+00,4.979999999999999982e-01,2.999999999999999889e-01,0.000000000000000000e+00,5.010000000000000009e-01,0.000000000000000000e+00,0.000000000000000000e+00,0.000000000000000000e+00,4.979999999999999982e-01,-2.999999999999999889e-01,0.000000000000000000e+00,5.010000000000000009e-01,0.000000000000000000e+00,0.000000000000000000e+00,0.000000000000000000e+00
-1.074128777882245311e-02,2.891476785198314910e-07,7.715180889634496442e-01,1.819676577756214823e-09,7.185928582609943209e-03,-6.101550682998854820e-09,9.999741808818893851e-01,-2.465141885423515200e-01,1.140083692819765342e-02,-4.431242309963655604e-03,4.763262064798549078e-01,-2.443228203583928948e-01,-1.223263542613530624e-02,-2.465137457601089821e-01,-1.140110206821824679e-02,4.431339551210148123e-03,4.763261373189826009e-01,-2.443232010829184120e-01,1.223291123095338051e-02,0.000000000000000000e+00,0.000000000000000000e+00,0.000000000000000000e+00,4.979999999999999982e-01,2.999999999999999889e-01,0.000000000000000000e+00,5.010000000000000009e-01,0.000000000000000000e+00,0.000000000000000000e+00,0.000000000000000000e+00,4.979999999999999982e-01,-2.999999999999999889e-01,0.000000000000000000e+00,5.010000000000000009e-01,0.000000000000000000e+00,0.000000000000000000e+00,0.000000000000000000e+00
-1.074128777882245311e-02,2.891476785198314910e-07,7.714337506877022577e-01,1.718583031646083555e-09,7.271518740227680619e-03,-5.762574294147902318e-09,9.999735621581254952e-01,-2.471305005573463665e-01,1.076692317996194755e-02,-4.184826906009354343e-03,4.778683784678413593e-01,-2.454121355574041818e-01,-1.155246111057993061e-02,-2.471300823741173214e-01,-1.076717358998139674e-02,4.184918744964375055e-03,4.778683131492397762e-01,-2.454124951305671487e-01,1.155272159290811167e-02,0.000000000000000000e+00,0.000000000000000000e+00,0.000000000000000000e+00,4.979999999999999982e-01,2.999999999999999889e-01,0.000000000000000000e+00,5.010000000000000009e-01,0.000000000000000000e+00,0.000000000000000000e+00,0.000000000000000000e+00,4.979999999999999982e-01,-2.999999999999999889e-01,0.000000000000000000e+00,5.010000000000000009e-01,0.000000000000000000e+00,0.000000000000000000e+00,0.000000000000000000e+00
-1.074128777882245311e-02,2.891476785198314910e-07,7.713494124119549822e-01,1.617489521085977609e-09,7.357108803816099843e-03,-5.423598024499606971e-09,9.999729361087973389e-01,-2.477468125723411851e-01,1.013300943172624861e-02,-3.938411502055054816e-03,4.794105504558278108e-01,-2.465014507564154411e-01,-1.087228679502456018e-02,-2.477464189881256051e-01,-1.013324511174455364e-02,3.938497938718604589e-03,4.794104889794968960e-01,-2.465017891782158854e-01,1.087253195486284976e-02,0.000000000000000000e+00,0.000000000000000000e+00,0.000000000000000000e+00,4.979999999999999982e-01,2.999999999999999889e-01,0.000000000000000000e+00,5.010000000000000009e-01,0.000000000000000000e+00,0.000000000000000000e+00,0.000000000000000000e+00,4.979999999999999982e-01,-2.999999999999999889e-01,0.000000000000000000e+00,5.010000000000000009e-01,0.000000000000000000e+00,0.000000000000000000e+00,0.000000000000000000e+00
-1.074128777882245311e-02,2.891476785198314910e-07,7.712650741362075957e-01,1.516396048297726859e-09,7.442698771494202920e-03,-5.084621881503975927e-09,9.999723027339291193e-01,-2.483631245873360316e-01,9.499095683490549683e-03,-3.691996098100756591e-03,4.809527224438143178e-01,-2.475907659554267004e-01,-1.019211247946919321e-02,-2.483627556021339167e-01,-9.499316633507712271e-03,3.692077132472834557e-03,4.809526648097540713e-01,-2.475910832258645944e-01,1.019234231681758959e-02,0.000000000000000000e+00,0.000000000000000000e+00,0.000000000000000000e+00,4.979999999999999982e-01,2.999999999999999889e-01,0.000000000000000000e+00,5.010000000000000009e-01,0.000000000000000000e+00,0.000000000000000000e+00,0.000000000000000000e+00,4.979999999999999982e-01,-2.999999999999999889e-01,0.000000000000000000e+00,5.010000000000000009e-01,0.000000000000000000e+00,0.000000000000000000e+00,0.000000000000000000e+00
-1.074128777882245311e-02,2.891476785198314910e-07,7.711807358604603202e-01,1.415302615503155592e-09,7.528288641380991887e-03,-4.745645872611002275e-09,9.999716620335458162e-01,-2.489794366023308503e-01,8.865181935254843812e-03,-3.445580694146455330e-03,4.824948944318008248e-01,-2.486800811544379597e-01,-9.511938163913817579e-03,-2.489790922161422004e-01,-8.865388155270862228e-03,3.445656326227061923e-03,4.824948406400113021e-01,-2.486803772735133589e-01,9.512152678772319014e-03,0.000000000000000000e+00,0.000000000000000000e+00,0.000000000000000000e+00,4.979999999999999982e-01,2.999999999999999889e-01,0.000000000000000000e+00,5.010000000000000009e-01,0.000000000000000000e+00,0.000000000000000000e+00,0.000000000000000000e+00,4.979999999999999982e-01,-2.999999999999999889e-01,0.000000000000000000e+00,5.010000000000000009e-01,0.000000000000000000e+00,0.000000000000000000e+00,0.000000000000000000e+00
-1.074128777882245311e-02,2.891476785198314910e-07,7.710963975847130447e-01,1.314209224924085205e-09,7.613878411595483529e-03,-4.406670005270664214e-09,9.999710140076728537e-01,-2.495957486173256690e-01,8.231268187019144880e-03,-3.199165290192156671e-03,4.840370664197872763e-01,-2.497693963534492190e-01,-8.831763848358447147e-03,-2.495954288301505120e-01,-8.231459677034019123e-03,3.199235519981291891e-03,4.840370164702684219e-01,-2.497696713211620678e-01,8.831963040727058845e-03,0.000000000000000000e+00,0.000000000000000000e+00,0.000000000000000000e+00,4.979999999999999982e-01,2.999999999999999889e-01,0.000000000000000000e+00,5.010000000000000009e-01,0.000000000000000000e+00,0.000000000000000000e+00,0.000000000000000000e+00,4.979999999999999982e-01,-2.999999999999999889e-01,0.000000000000000000e+00,5.010000000000000009e-01,0.000000000000000000e+00,0.000000000000000000e+00,0.000000000000000000e+00
-1.074128777882245311e-02,2.891476785198314910e-07,7.710120593089656582e-01,1.213115878782325923e-09,7.699468080256700701e-03,-4.067694286932906855e-09,9.999703586563359892e-01,-2.502120606323204877e-01,7.597354438783440744e-03,-2.952749886237855410e-03,4.855792384077737833e-01,-2.508587115524604783e-01,-8.151589532803073246e-03,-2.502117654441588512e-01,-7.597531198797169948e-03,2.952814713735518824e-03,4.855791923005255972e-01,-2.508589653688108045e-01,8.151773402681791736e-03,0.000000000000000000e+00,0.000000000000000000e+00,0.000000000000000000e+00,4.979999999999999982e-01,2.999999999999999889e-01,0.000000000000000000e+00,5.010000000000000009e-01,0.000000000000000000e+00,0.000000000000000000e+00,0.000000000000000000e+00,4.979999999999999982e-01,-2.999999999999999889e-01,0.000000000000000000e+00,5.010000000000000009e-01,0.000000000000000000e+00,0.000000000000000000e+00,0.000000000000000000e+00
-1.074128777882245311e-02,2.891476785198314910e-07,7.709277210332183827e-01,1.112022579299686319e-09,7.785057645483677534e-03,-3.728718725047668692e-09,9.999696959795614237e-01,-2.508283726473153341e-01,6.963440690547741813e-03,-2.706334482283557184e-03,4.871214103957602348e-01,-2.519480267514717653e-01,-7.471415217247703681e-03,-2.508281020581671350e-01,-6.963602720560328578e-03,2.706393907489748792e-03,4.871213681307827170e-01,-2.519482594164595413e-01,7.471583764636528964e-03,0.000000000000000000e+00,0.000000000000000000e+00,0.000000000000000000e+00,4.979999999999999982e-01,2.999999999999999889e-01,0.000000000000000000e+00,5.010000000000000009e-01,0.000000000000000000e+00,0.000000000000000000e+00,0.000000000000000000e+00,4.979999999999999982e-01,-2.999999999999999889e-01,0.000000000000000000e+00,5.010000000000000009e-01,0.000000000000000000e+00,0.000000000000000000e+00,0.000000000000000000e+00
-1.074128777882245311e-02,2.891476785198314910e-07,7.708433827574711072e-01,1.010929328697964007e-09,7.870647105395455964e-03,-3.389743327064849342e-09,9.999690259773761358e-01,-2.514446846623101806e-01,6.329526942312036809e-03,-2.459919078329255489e-03,4.886635823837467418e-01,-2.530373419504830523e-01,-6.791240901692327178e-03,-2.514444386721754188e-01,-6.329674242323478535e-03,2.459973101243976158e-03,4.886635439610398923e-01,-2.530375534641083335e-01,6.791394126591260121e-03,0.000000000000000000e+00,0.000000000000000000e+00,0.000000000000000000e+00,4.979999999999999982e-01,2.999999999999999889e-01,0.000000000000000000e+00,5.010000000000000009e-01,0.000000000000000000e+00,0.000000000000000000e+00,0.000000000000000000e+00,4.979999999999999982e-01,-2.999999999999999889e-01,0.000000000000000000e+00,5.010000000000000009e-01,0.000000000000000000e+00,0.000000000000000000e+00,0.000000000000000000e+00
-1.074128777882245311e-02,2.891476785198314910e-07,7.707590444817238318e-01,9.098361291989534974e-10,7.956236458111092674e-03,-3.050768100434341390e-09,9.999683486498073259e-01,-2.520609966773049715e-01,5.695613194076337878e-03,-2.213503674374956830e-03,4.902057543717331933e-01,-2.541266571494942839e-01,-6.111066586136959349e-03,-2.520607752861837580e-01,-5.695745764086636298e-03,2.213552294998205692e-03,4.902057197912970676e-01,-2.541268475117570702e-01,6.111204488545999083e-03,0.000000000000000000e+00,0.000000000000000000e+00,0.000000000000000000e+00,4.979999999999999982e-01,2.999999999999999889e-01,0.000000000000000000e+00,5.010000000000000009e-01,0.000000000000000000e+00,0.000000000000000000e+00,0.000000000000000000e+00,4.979999999999999982e-01,-2.999999999999999889e-01,0.000000000000000000e+00,5.010000000000000009e-01,0.000000000000000000e+00,0.000000000000000000e+00,0.000000000000000000e+00
-1.074128777882245311e-02,2.891476785198314910e-07,7.706747062059764453e-01,8.087429830244395813e-10,8.041825701749652153e-03,-2.711793052606002266e-09,9.999676639968827496e-01,-2.526773086922998179e-01,5.061699445840638946e-03,-1.967088270420658171e-03,4.917479263597196448e-01,-2.552159723485055709e-01,-5.430892270581590651e-03,-2.526771119001920418e-01,-5.061817285849794061e-03,1.967131488752435660e-03,4.917478956215541874e-01,-2.552161415594057514e-01,5.431014850500737179e-03,0.000000000000000000e+00,0.000000000000000000e+00,0.000000000000000000e+00,4.979999999999999982e-01,2.999999999999999889e-01,0.000000000000000000e+00,5.010000000000000009e-01,0.000000000000000000e+00,0.000000000000000000e+00,0.000000000000000000e+00,4.979999999999999982e-01,-2.999999999999999889e-01,0.000000000000000000e+00,5.010000000000000009e-01,0.000000000000000000e+00,0.000000000000000000e+00,0.000000000000000000e+00
-1.074128777882245311e-02,2.891476785198314910e-07,7.705903679302292808e-01,7.076498923961987784e-10,8.127414834430208429e-03,-2.372818191029662105e-09,9.999669720186307176e-01,-2.532936207072946644e-01,4.427785697604933943e-03,-1.720672866466357127e-03,4.932900983477061518e-01,-2.563052875475168024e-01,-4.750717955026215016e-03,-2.532934485142003256e-01,-4.427888807612944018e-03,1.720710682506662809e-03,4.932900714518113627e-01,-2.563054356070545436e-01,4.750825212455469203e-03,0.000000000000000000e+00,0.000000000000000000e+00,0.000000000000000000e+00,4.979999999999999982e-01,2.999999999999999889e-01,0.000000000000000000e+00,5.010000000000000009e-01,0.000000000000000000e+00,0.000000000000000000e+00,0.000000000000000000e+00,4.979999999999999982e-01,-2.999999999999999889e-01,0.000000000000000000e+00,5.010000000000000009e-01,0.000000000000000000e+00,0.000000000000000000e+00,0.000000000000000000e+00
-1.074128777882245311e-02,2.891476785198314910e-07,7.705060296544818943e-01,6.065568595360036793e-10,8.213003854271845941e-03,-2.033843523155138631e-09,9.999662727150799846e-01,-2.539099327222894553e-01,3.793871949369235445e-03,-1.474257462512058468e-03,4.948322703356926033e-01,-2.573946027465280895e-01,-4.070543639470846319e-03,-2.539097851282086649e-01,-3.793960329376101781e-03,1.474289876260892560e-03,4.948322472820684825e-01,-2.573947296547032249e-01,4.070635574410208166e-03,0.000000000000000000e+00,0.000000000000000000e+00,0.000000000000000000e+00,4.979999999999999982e-01,2.999999999999999889e-01,0.000000000000000000e+00,5.010000000000000009e-01,0.000000000000000000e+00,0.000000000000000000e+00,0.000000000000000000e+00,4.979999999999999982e-01,-2.999999999999999889e-01,0.000000000000000000e+00,5.010000000000000009e-01,0.000000000000000000e+00,0.000000000000000000e+00,0.000000000000000000e+00
-1.074128777882245311e-02,2.891476785198314910e-07,7.704216913787345078e-01,5.054638866656141567e-10,8.298592759393659535e-03,-1.694869056432206764e-09,9.999655660862596385e-01,-2.545262447372843573e-01,3.159958201133530008e-03,-1.227842058557757207e-03,4.963744423236791103e-01,-2.584839179455393210e-01,-3.390369323915470249e-03,-2.545261217422169486e-01,-3.160031851139252605e-03,1.227869070015119926e-03,4.963744231123257133e-01,-2.584840237023519616e-01,3.390445936364939322e-03,0.000000000000000000e+00,0.000000000000000000e+00,0.000000000000000000e+00,4.979999999999999982e-01,2.999999999999999889e-01,0.000000000000000000e+00,5.010000000000000009e-01,0.000000000000000000e+00,0.000000000000000000e+00,0.000000000000000000e+00,4.979999999999999982e-01,-2.999999999999999889e-01,0.000000000000000000e+00,5.010000000000000009e-01,0.000000000000000000e+00,0.000000000000000000e+00,0.000000000000000000e+00
-1.074128777882245311e-02,2.891476785198314910e-07,7.703373531029872323e-01,4.043709760067867744e-10,8.384181547914763138e-03,-1.355894798310628809e-09,9.999648521321995442e-01,-2.551425567522791482e-01,2.526044452897831510e-03,-9.814266546034585478e-04,4.979166143116656174e-01,-2.595732331445505525e-01,-2.710195008360101986e-03,-2.551424583562252324e-01,-2.526103372902410368e-03,9.814482637693496773e-04,4.979165989425828887e-01,-2.595733177500006983e-01,2.710256298319677851e-03,0.000000000000000000e+00,0.000000000000000000e+00,0.000000000000000000e+00,4.979999999999999982e-01,2.999999999999999889e-01,0.000000000000000000e+00,5.010000000000000009e-01,0.000000000000000000e+00,0.000000000000000000e+00,0.000000000000000000e+00,4.979999999999999982e-01,-2.999999999999999889e-01,0.000000000000000000e+00,5.010000000000000009e-01,0.000000000000000000e+00,0.000000000000000000e+00,0.000000000000000000e+00
-1.074128777882245311e-02,2.891476785198314910e-07,7.702530148272399568e-01,3.032781297812656885e-10,8.469770217954268945e-03,-1.016920756240127778e-09,9.999641308529296779e-01,-2.557588687672739947e-01,1.892130704662133012e-03,-7.350112506491598887e-04,4.994587862996520689e-01,-2.606625483435618396e-01,-2.030020692804733289e-03,-2.557587949702335717e-01,-1.892174894665567698e-03,7.350274575235795369e-04,4.994587747728400084e-01,-2.606626117976494350e-01,2.030066660274416814e-03,0.000000000000000000e+00,0.000000000000000000e+00,0.000000000000000000e+00,4.979999999999999982e-01,2.999999999999999889e-01,0.000000000000000000e+00,5.010000000000000009e-01,0.000000000000000000e+00,0.000000000000000000e+00,0.000000000000000000e+00,4.979999999999999982e-01,-2.999999999999999889e-01,0.000000000000000000e+00,5.010000000000000009e-01,0.000000000000000000e+00,0.000000000000000000e+00,0.000000000000000000e+00
-1.074128777882245311e-02,2.891476785198314910e-07,7.701686765514926813e-01,2.021853502107868871e-10,8.555358767631313435e-03,-6.779469376703982515e-10,9.999634022484809037e-01,-2.563751807822688411e-01,1.258216956426427358e-03,-4.885958466948585191e-04,5.010009582876385759e-01,-2.617518635425731266e-01,-1.349846377249357219e-03,-2.563751315842419110e-01,-1.258246416428718305e-03,4.886066512778066860e-04,5.010009506030972393e-01,-2.617519058452981717e-01,1.349877022229147971e-03,0.000000000000000000e+00,0.000000000000000000e+00,0.000000000000000000e+00,4.979999999999999982e-01,2.999999999999999889e-01,0.000000000000000000e+00,5.010000000000000009e-01,0.000000000000000000e+00,0.000000000000000000e+00,0.000000000000000000e+00,4.979999999999999982e-01,-2.999999999999999889e-01,0.000000000000000000e+00,5.010000000000000009e-01,0.000000000000000000e+00,0.000000000000000000e+00,0.000000000000000000e+00
-1.074128777882245311e-02,2.891476785198314910e-07,7.700843382757452948e-01,1.010926395170805157e-10,8.640947195065033087e-03,-3.389733500511150073e-10,9.999626663188841968e-01,-2.569914927972636320e-01,6.243032081907287515e-04,-2.421804427405599685e-04,5.025431302756250274e-01,-2.628411787415844136e-01,-6.696720616939887388e-04,-2.569914681982501392e-01,-6.243179381918758514e-04,2.421858450320365185e-04,5.025431264333543036e-01,-2.628411998929469084e-01,6.696873841838867168e-04,0.000000000000000000e+00,0.000000000000000000e+00,0.000000000000000000e+00,4.979999999999999982e-01,2.999999999999999889e-01,0.000000000000000000e+00,5.010000000000000009e-01,0.000000000000000000e+00,0.000000000000000000e+00,0.000000000000000000e+00,4.979999999999999982e-01,-2.999999999999999889e-01,0.000000000000000000e+00,5.010000000000000009e-01,0.000000000000000000e+00,0.000000000000000000e+00,0.000000000000000000e+00
-1.074128777882245311e-02,2.891476785198314910e-07,7.699999999999980194e-01,-7.813573421723624620e-20,8.726535498374586933e-03,-8.319113569211160310e-19,9.999619230641713097e-01,-2.576078048122584785e-01,-9.610540044969729617e-06,4.234961213738618571e-06,5.040853022636114789e-01,-2.639304939405956452e-01,1.050225386137977023e-05,-2.576078048122584785e-01,9.610540044966565102e-06,-4.234961213733590584e-06,5.040853022636114789e-01,-2.639304939405956452e-01,-1.050225386137450677e-05,0.000000000000000000e+00,0.000000000000000000e+00,0.000000000000000000e+00,4.979999999999999982e-01,2.999999999999999889e-01,0.000000000000000000e+00,5.010000000000000009e-01,0.000000000000000000e+00,0.000000000000000000e+00,0.000000000000000000e+00,4.979999999999999982e-01,-2.999999999999999889e-01,0.000000000000000000e+00,5.010000000000000009e-01,0.000000000000000000e+00,0.000000000000000000e+00,0.000000000000000000e+00
